-0.55678 -0.1092 -0.89306
-0.55482 -0.11424 -0.88438
-0.55482 -0.11424 -0.88438
-0.55538 -0.10598 -0.88746
-0.55398 -0.09478 -0.88578
-0.54418 -0.1246 -0.89586
-0.5551 -0.11914 -0.88578
-0.5551 -0.11914 -0.88578
-0.55706 -0.11144 -0.88382
-0.55678 -0.1155 -0.89026
-0.55622 -0.11928 -0.88662
-0.5537 -0.10514 -0.89138
-0.55118 -0.1092 -0.88158
-0.5495 -0.1001 -0.88858
-0.5495 -0.1036 -0.88858
-0.55958 -0.0994 -0.88494
-0.5495 -0.11046 -0.89446
-0.55314 -0.11284 -0.89026
-0.5537 -0.11256 -0.88606
-0.55174 -0.1155 -0.88606
-0.55174 -0.1155 -0.88606
-0.5523 -0.09954 -0.88578
-0.55454 -0.11886 -0.88942
-0.55986 -0.12236 -0.89054
-0.55902 -0.1057 -0.8911
-0.5551 -0.11536 -0.8925
-0.55706 -0.11018 -0.8869
-0.55734 -0.11158 -0.89222
-0.55062 -0.11732 -0.8953
-0.55062 -0.11732 -0.8953
-0.55286 -0.11494 -0.89698
-0.56042 -0.10318 -0.88774
-0.55706 -0.10514 -0.89418
-0.55342 -0.1057 -0.89726
-0.54586 -0.1071 -0.89754
-0.54838 -0.10724 -0.90118
-0.55566 -0.1155 -0.9023
-0.55566 -0.1155 -0.9023
-0.55286 -0.11606 -0.88998
-0.54306 -0.1148 -0.89362
-0.55594 -0.11956 -0.88746
-0.55398 -0.1078 -0.89026
-0.55202 -0.1127 -0.89726
-0.5537 -0.10682 -0.8911
-0.5467 -0.11746 -0.89474
-0.54446 -0.1218 -0.89978
-0.55118 -0.10878 -0.89306
-0.54726 -0.1001 -0.89782
-0.55202 -0.1134 -0.8911
-0.5537 -0.12362 -0.89446
-0.54978 -0.12404 -0.8967
-0.55398 -0.11634 -0.88774
-0.5523 -0.11424 -0.88998
-0.5523 -0.11424 -0.88998
-0.55286 -0.11494 -0.8883
-0.54614 -0.11326 -0.90342
-0.55034 -0.10262 -0.90174
-0.5523 -0.10598 -0.89306
-0.5523 -0.11018 -0.89306
-0.55566 -0.11018 -0.89558
-0.54334 -0.10892 -0.89782
-0.55398 -0.10416 -0.8925
-0.54866 -0.11256 -0.8925
-0.55258 -0.09772 -0.89222
-0.54922 -0.10108 -0.8883
-0.55622 -0.10178 -0.89138
-0.5425 -0.10976 -0.89558
-0.55118 -0.11676 -0.8925
-0.55118 -0.11676 -0.8925
-0.55398 -0.10794 -0.8897
-0.55426 -0.1113 -0.88774
-0.54978 -0.11158 -0.89418
-0.55006 -0.1183 -0.88858
-0.5607 -0.12236 -0.90342
-0.54838 -0.1099 -0.88662
-0.54698 -0.11788 -0.89558
-0.54698 -0.11788 -0.89558
-0.55034 -0.1106 -0.8897
-0.5607 -0.09982 -0.88634
-0.55846 -0.11494 -0.89362
-0.55846 -0.11494 -0.89362
-0.55706 -0.10934 -0.89222
-0.54922 -0.10388 -0.89474
-0.55426 -0.10304 -0.89362
-0.54502 -0.11466 -0.89362
-0.55118 -0.1022 -0.89362
-0.54334 -0.11214 -0.90062
-0.55034 -0.09926 -0.8967
-0.55258 -0.10612 -0.89054
-0.55174 -0.10836 -0.89502
-0.55202 -0.11452 -0.8967
-0.54698 -0.11018 -0.89782
-0.55314 -0.09702 -0.89418
-0.54362 -0.11858 -0.89586
-0.54362 -0.10584 -0.89082
-0.54362 -0.10584 -0.89082
-0.54978 -0.11564 -0.89418
-0.55034 -0.10962 -0.90342
-0.54782 -0.11536 -0.8925
-0.54754 -0.11186 -0.88998
-0.5495 -0.11984 -0.89502
-0.55398 -0.11214 -0.89026
-0.54698 -0.11144 -0.89194
-0.55734 -0.11102 -0.89222
-0.55426 -0.11284 -0.89474
-0.55286 -0.11074 -0.89194
-0.54698 -0.11368 -0.89866
-0.55202 -0.10724 -0.89474
-0.55286 -0.11382 -0.8939
-0.55286 -0.11382 -0.8939
-0.55202 -0.12572 -0.8953
-0.54726 -0.11116 -0.89866
-0.55342 -0.11158 -0.89754
-0.55034 -0.11816 -0.8953
-0.5551 -0.10066 -0.89642
-0.55286 -0.11018 -0.89194
-0.55286 -0.11018 -0.89194
-0.55678 -0.10528 -0.8841
-0.54754 -0.09408 -0.89502
-0.5523 -0.10094 -0.89194
-0.55482 -0.10094 -0.89222
-0.54698 -0.11214 -0.88886
-0.55426 -0.11074 -0.88494
-0.55706 -0.10612 -0.89418
-0.5565 -0.11396 -0.89418
-0.5565 -0.11396 -0.8939
-0.5481 -0.09394 -0.89866
-0.55286 -0.10528 -0.89222
-0.5523 -0.1015 -0.89334
-0.5523 -0.1015 -0.89334
-0.5495 -0.10626 -0.89306
-0.54894 -0.1001 -0.89502
-0.55314 -0.1001 -0.89054
-0.54502 -0.10318 -0.88802
-0.54978 -0.10262 -0.88494
-0.54894 -0.10388 -0.88886
-0.54502 -0.10808 -0.9037
-0.55482 -0.10976 -0.89726
-0.55398 -0.09982 -0.8897
-0.55678 -0.11732 -0.89474
-0.55286 -0.11508 -0.88634
-0.55118 -0.11396 -0.88774
-0.54558 -0.1029 -0.89446
-0.5425 -0.10346 -0.90062
-0.55426 -0.10696 -0.88886
-0.55622 -0.11018 -0.89446
-0.55538 -0.10976 -0.89642
-0.55566 -0.11564 -0.8925
-0.55258 -0.1015 -0.88802
-0.54642 -0.10612 -0.88802
-0.54642 -0.10612 -0.89838
-0.55062 -0.10962 -0.89558
-0.55342 -0.09856 -0.89446
-0.55342 -0.09856 -0.89446
-0.54642 -0.1036 -0.89474
-0.55286 -0.11102 -0.89922
-0.55286 -0.11102 -0.89922
-0.5467 -0.10808 -0.89362
-0.54894 -0.1113 -0.8939
-0.54894 -0.1113 -0.8939
-0.54334 -0.09352 -0.89278
-0.5509 -0.1064 -0.89782
-0.5509 -0.1064 -0.89782
-0.55174 -0.10206 -0.89894
-0.55398 -0.10178 -0.89418
-0.55398 -0.10178 -0.89418
-0.55594 -0.11046 -0.8967
-0.55762 -0.10122 -0.89334
-0.55762 -0.10122 -0.89334
-0.54894 -0.10556 -0.89026
-0.55118 -0.1148 -0.89082
-0.55118 -0.11088 -0.89558
-0.54922 -0.10178 -0.89866
-0.54978 -0.11172 -0.89558
-0.55678 -0.10192 -0.88802
-0.55006 -0.10458 -0.89194
-0.55006 -0.10458 -0.89194
-0.54418 -0.11116 -0.89614
-0.54866 -0.11704 -0.89418
-0.55118 -0.1036 -0.89698
-0.55146 -0.09898 -0.89334
-0.54446 -0.0966 -0.89026
-0.54838 -0.11424 -0.89138
-0.54838 -0.10696 -0.89698
-0.5481 -0.11732 -0.89362
-0.5537 -0.1064 -0.89054
-0.54614 -0.1127 -0.88662
-0.54698 -0.09996 -0.8939
-0.55398 -0.10822 -0.89194
-0.55342 -0.11368 -0.8925
-0.54614 -0.10822 -0.89334
-0.54838 -0.10948 -0.89334
-0.55062 -0.11298 -0.89334
-0.55062 -0.11298 -0.89334
-0.55174 -0.11214 -0.89026
-0.55034 -0.10556 -0.88494
-0.55286 -0.1197 -0.89054
-0.55034 -0.11424 -0.88494
-0.55678 -0.11858 -0.88662
-0.5523 -0.10878 -0.89138
-0.55566 -0.10094 -0.87822
-0.56126 -0.09506 -0.88354
-0.56518 -0.09492 -0.88438
-0.56882 -0.09618 -0.89222
-0.57414 -0.08792 -0.8841
-0.57722 -0.0742 -0.87486
-0.57526 -0.07252 -0.88998
-0.5817 -0.0707 -0.89502
-0.58786 -0.0665 -0.88774
-0.59766 -0.06748 -0.88746
-0.59598 -0.06104 -0.88998
-0.60186 -0.0546 -0.89138
-0.61082 -0.0497 -0.89082
-0.61082 -0.0497 -0.89082
-0.6349 -0.0406 -0.88578
-0.63518 -0.04704 -0.89138
-0.6461 -0.02982 -0.88914
-0.66066 -0.04662 -0.89334
-0.66066 -0.04662 -0.89334
-0.68558 -0.04186 -0.90482
-0.68362 -0.03892 -0.89614
-0.70378 -0.02884 -0.89082
-0.71078 -0.04382 -0.89054
-0.71078 -0.04382 -0.89054
-0.71946 -0.04382 -0.89894
-0.72646 -0.04928 -0.89642
-0.74718 -0.06314 -0.90118
-0.74718 -0.06314 -0.90118
-0.75782 -0.07168 -0.89446
-0.76706 -0.07756 -0.90286
-0.76706 -0.07756 -0.90286
-0.78414 -0.10528 -0.90398
-0.77462 -0.11844 -0.9023
-0.77462 -0.11844 -0.9023
-0.77602 -0.12726 -0.9023
-0.78694 -0.1421 -0.91098
-0.7861 -0.13804 -0.9107
-0.79282 -0.16114 -0.91266
-0.79282 -0.16114 -0.91266
-0.78274 -0.15428 -0.9065
-0.77798 -0.16408 -0.91602
-0.7833 -0.18928 -0.91882
-0.77938 -0.19096 -0.92022
-0.77938 -0.19096 -0.92022
-0.7749 -0.21854 -0.91126
-0.7637 -0.21672 -0.9205
-0.7581 -0.21616 -0.91714
-0.75586 -0.23506 -0.91938
-0.75726 -0.23436 -0.9205
-0.74298 -0.22974 -0.91938
-0.7385 -0.24192 -0.9205
-0.74242 -0.2345 -0.92106
-0.73542 -0.24836 -0.91798
-0.73542 -0.24836 -0.91798
-0.7343 -0.25004 -0.91798
-0.73066 -0.25102 -0.92218
-0.73346 -0.24374 -0.92246
-0.72786 -0.2436 -0.92274
-0.73262 -0.24948 -0.92274
-0.73262 -0.24948 -0.92862
-0.73346 -0.2541 -0.92582
-0.73066 -0.24738 -0.92274
-0.72926 -0.24626 -0.9303
-0.73346 -0.24416 -0.9261
-0.73346 -0.24416 -0.9261
-0.73458 -0.25228 -0.9205
-0.73542 -0.25564 -0.93506
-0.73906 -0.25312 -0.92134
-0.73906 -0.25312 -0.92134
-0.74074 -0.24514 -0.92554
-0.72898 -0.24486 -0.92554
-0.74046 -0.24458 -0.9289
-0.74046 -0.24458 -0.9289
-0.73542 -0.2527 -0.92526
-0.7399 -0.24178 -0.92106
-0.73374 -0.23884 -0.92162
-0.72954 -0.23884 -0.92722
-0.72954 -0.23884 -0.92722
-0.7385 -0.23674 -0.91966
-0.73066 -0.25256 -0.91826
-0.73402 -0.23408 -0.92582
-0.73234 -0.24934 -0.92778
-0.73738 -0.24416 -0.92386
-0.73738 -0.24416 -0.92386
-0.73766 -0.24738 -0.9289
-0.72954 -0.25046 -0.93002
-0.7245 -0.25298 -0.93898
-0.72562 -0.23646 -0.92806
-0.72982 -0.2422 -0.92666
-0.73934 -0.25536 -0.93226
-0.73878 -0.25046 -0.93478
-0.73458 -0.24962 -0.93142
-0.72982 -0.25298 -0.93142
-0.74214 -0.24472 -0.92666
-0.73626 -0.24066 -0.92386
-0.73318 -0.24318 -0.92274
-0.73318 -0.24318 -0.92274
-0.73766 -0.25732 -0.93422
-0.73766 -0.24528 -0.9275
-0.73094 -0.25284 -0.92554
-0.73094 -0.25284 -0.92554
-0.73038 -0.2611 -0.92862
-0.73262 -0.25172 -0.93086
-0.73514 -0.24668 -0.91742
-0.73514 -0.24668 -0.91742
-0.73542 -0.24192 -0.92218
-0.73066 -0.24458 -0.91154
-0.73318 -0.25354 -0.90482
-0.72254 -0.25032 -0.9107
-0.72254 -0.25032 -0.9107
-0.71946 -0.27048 -0.90594
-0.70154 -0.26782 -0.90286
-0.69034 -0.2667 -0.9009
-0.69034 -0.2667 -0.9009
-0.68306 -0.27958 -0.89894
-0.66206 -0.27412 -0.88802
-0.65114 -0.28406 -0.88886
-0.64134 -0.25746 -0.88942
-0.6265 -0.2667 -0.88018
-0.6265 -0.2667 -0.88018
-0.6153 -0.26782 -0.88382
-0.6195 -0.25858 -0.88746
-0.60886 -0.252 -0.88018
-0.59654 -0.2212 -0.88102
-0.59458 -0.24626 -0.87626
-0.58058 -0.23702 -0.87766
-0.57582 -0.23338 -0.8729
-0.57078 -0.22848 -0.88074
-0.56686 -0.2163 -0.87598
-0.55622 -0.2289 -0.87934
-0.56434 -0.21378 -0.87766
-0.56434 -0.2142 -0.87822
-0.5607 -0.20692 -0.87318
-0.54698 -0.20216 -0.87542
-0.54698 -0.20216 -0.87542
-0.55454 -0.20258 -0.87738
-0.5579 -0.20622 -0.88074
-0.56154 -0.19502 -0.88018
-0.55986 -0.19222 -0.87738
-0.56518 -0.19866 -0.88662
-0.56714 -0.19656 -0.88522
-0.56546 -0.2037 -0.89054
-0.56546 -0.2037 -0.89054
-0.56182 -0.19348 -0.88942
-0.55986 -0.19684 -0.9079
-0.56742 -0.18186 -0.9079
-0.56742 -0.18186 -0.88886
-0.56518 -0.20538 -0.88382
-0.56406 -0.19908 -0.89418
-0.56406 -0.19068 -0.89418
-0.5635 -0.19068 -0.89082
-0.56294 -0.20804 -0.8953
-0.55902 -0.19936 -0.89082
-0.55902 -0.21462 -0.9009
-0.56126 -0.21476 -0.89026
-0.56126 -0.21476 -0.89026
-0.55566 -0.2093 -0.8995
-0.54978 -0.20328 -0.8967
-0.55902 -0.20468 -0.89222
-0.55902 -0.20468 -0.89222
-0.55734 -0.20678 -0.90342
-0.56154 -0.19908 -0.89978
-0.56154 -0.19908 -0.89978
-0.57078 -0.2058 -0.8953
-0.5733 -0.19572 -0.8939
-0.5733 -0.19572 -0.8939
-0.57442 -0.20748 -0.89474
-0.57386 -0.20384 -0.8995
-0.56742 -0.2002 -0.89726
-0.56826 -0.21014 -0.91154
-0.56882 -0.19376 -0.90678
-0.56826 -0.19656 -0.89558
-0.56826 -0.19656 -0.89558
-0.55594 -0.2002 -0.89082
-0.55426 -0.20552 -0.8897
-0.55314 -0.20776 -0.88214
-0.54978 -0.19824 -0.8925
-0.5579 -0.20636 -0.89586
-0.56294 -0.19572 -0.90482
-0.56238 -0.19992 -0.90006
-0.56238 -0.20776 -0.90202
-0.56238 -0.20776 -0.90202
-0.56098 -0.20412 -0.89698
-0.55706 -0.20594 -0.89278
-0.54978 -0.22288 -0.88942
-0.5579 -0.217 -0.89166
-0.55426 -0.2177 -0.88802
-0.55566 -0.21084 -0.8911
-0.55762 -0.21742 -0.90314
-0.5635 -0.20846 -0.8967
-0.55818 -0.20944 -0.90034
-0.56042 -0.20538 -0.8953
-0.56798 -0.2142 -0.89642
-0.55846 -0.21406 -0.89838
-0.56154 -0.19936 -0.88998
-0.55538 -0.20972 -0.89082
-0.5593 -0.21042 -0.90258
-0.5593 -0.21042 -0.90258
-0.55846 -0.20482 -0.89698
-0.57078 -0.20958 -0.8925
-0.56798 -0.217 -0.88662
-0.56798 -0.217 -0.88662
-0.56154 -0.21658 -0.88382
-0.56938 -0.21574 -0.87934
-0.5635 -0.23716 -0.88578
-0.5635 -0.23716 -0.88578
-0.56714 -0.23506 -0.88214
-0.56406 -0.2513 -0.88466
-0.57106 -0.26138 -0.87514
-0.5621 -0.26264 -0.86814
-0.5621 -0.26264 -0.86814
-0.56042 -0.2933 -0.86478
-0.55762 -0.31878 -0.85778
-0.56574 -0.33334 -0.85246
-0.56574 -0.34202 -0.85246
-0.55986 -0.34202 -0.8421
-0.56238 -0.36344 -0.83762
-0.55202 -0.40054 -0.81606
-0.55482 -0.41944 -0.79814
-0.55286 -0.4445 -0.7847
-0.55286 -0.4445 -0.7847
-0.55566 -0.45878 -0.7623
-0.55426 -0.48874 -0.75362
-0.5509 -0.50722 -0.73766
-0.55454 -0.52766 -0.72198
-0.55342 -0.52766 -0.70098
-0.55426 -0.5453 -0.69034
-0.55622 -0.56896 -0.67886
-0.54838 -0.5796 -0.6559
-0.54502 -0.55328 -0.66374
-0.55118 -0.55496 -0.64246
-0.55118 -0.55496 -0.64246
-0.55034 -0.56266 -0.63882
-0.5481 -0.553 -0.61334
-0.5481 -0.553 -0.61334
-0.55454 -0.55454 -0.5579
-0.55454 -0.55454 -0.5579
-0.55622 -0.56098 -0.53886
-0.55846 -0.54866 -0.51534
-0.55874 -0.56 -0.45598
-0.55902 -0.55622 -0.43274
-0.55902 -0.55622 -0.43274
-0.55566 -0.54166 -0.41286
-0.5495 -0.51562 -0.35658
-0.52822 -0.5026 -0.3143
-0.53074 -0.5005 -0.30674
-0.53074 -0.5005 -0.30674
-0.51898 -0.48216 -0.27314
-0.50414 -0.46396 -0.21882
-0.50526 -0.43162 -0.19726
-0.50526 -0.39578 -0.19726
-0.50218 -0.41202 -0.16926
-0.49882 -0.41846 -0.1575
-0.48902 -0.39424 -0.12474
-0.4907 -0.3689 -0.1085
-0.4921 -0.36862 -0.1085
-0.4921 -0.36568 -0.1085
-0.49686 -0.36568 -0.09394
-0.4823 -0.35294 -0.09814
-0.48258 -0.35476 -0.0917
-0.48034 -0.36288 -0.08722
-0.48818 -0.3493 -0.09422
-0.47642 -0.34286 -0.09142
-0.4781 -0.3465 -0.09142
-0.4781 -0.3465 -0.09142
-0.47726 -0.34482 -0.09226
-0.47446 -0.35812 -0.10234
-0.46466 -0.34664 -0.09954
-0.46466 -0.34664 -0.09954
-0.46774 -0.35784 -0.11662
-0.4669 -0.3556 -0.11242
-0.4627 -0.35714 -0.11746
-0.4627 -0.35714 -0.11746
-0.4655 -0.37716 -0.12866
-0.4655 -0.37716 -0.12866
-0.46438 -0.37128 -0.12362
-0.47446 -0.38374 -0.1281
-0.4683 -0.37366 -0.12614
-0.47082 -0.37968 -0.1211
-0.4753 -0.37506 -0.12054
-0.47894 -0.35896 -0.1141
-0.48566 -0.34482 -0.09366
-0.48314 -0.33656 -0.08414
-0.47586 -0.3164 -0.05978
-0.47586 -0.3164 -0.05978
-0.4767 -0.2919 -0.06594
-0.47614 -0.26488 -0.04942
-0.46578 -0.26222 -0.04046
-0.47782 -0.2604 -0.0329
-0.47978 -0.22876 -0.0329
-0.4711 -0.22876 -0.0315
-0.4669 -0.21378 -0.02982
-0.46886 -0.19824 -0.02674
-0.46494 -0.1855 -0.02506
-0.46578 -0.1624 -0.02086
-0.4487 -0.16086 -0.0245
-0.4403 -0.13174 -0.03626
-0.43526 -0.12208 -0.03486
-0.42602 -0.1078 -0.04438
-0.42042 -0.09982 -0.0525
-0.4249 -0.09254 -0.05222
-0.42378 -0.07518 -0.05614
-0.42378 -0.07518 -0.05614
-0.42154 -0.06846 -0.06006
-0.43218 -0.06034 -0.06174
-0.42154 -0.05124 -0.07462
-0.42546 -0.0483 -0.08582
-0.4375 -0.04354 -0.07882
-0.44282 -0.02674 -0.07882
-0.44282 -0.02674 -0.09702
-0.44226 -0.02366 -0.10654
-0.4249 0.007 -0.1183
-0.4319 0.02688 -0.13146
-0.4319 0.02688 -0.13146
-0.4403 0.03934 -0.14602
-0.4347 0.04536 -0.17514
-0.4417 0.0616 -0.18718
-0.45346 0.0742 -0.1981
-0.45738 0.07504 -0.21714
-0.45822 0.08176 -0.22162
-0.46102 0.09142 -0.23338
-0.47558 0.09884 -0.24598
-0.47558 0.09884 -0.24598
-0.4809 0.08988 -0.25046
-0.48622 0.0903 -0.2471
-0.4949 0.09058 -0.23954
-0.48874 0.08736 -0.23814
-0.4865 0.08666 -0.23142
-0.49182 0.07952 -0.22974
-0.49182 0.07952 -0.22358
-0.4879 0.08694 -0.21602
-0.49014 0.07924 -0.2121
-0.49126 0.08302 -0.21966
-0.48958 0.07238 -0.21658
-0.4907 0.0882 -0.22134
-0.47838 0.08778 -0.22918
-0.49322 0.08302 -0.23814
-0.48566 0.09254 -0.23702
-0.4823 0.09296 -0.24374
-0.4893 0.09618 -0.25522
-0.4893 0.09618 -0.25522
-0.48342 0.10108 -0.26866
-0.48566 0.1183 -0.27846
-0.5005 0.13524 -0.30562
-0.48902 0.13398 -0.31458
-0.4935 0.1323 -0.31962
-0.4935 0.1323 -0.31962
-0.50162 0.14644 -0.32746
-0.50806 0.1743 -0.36134
-0.51842 0.17948 -0.3857
-0.5159 0.1953 -0.4137
-0.52206 0.19544 -0.4347
-0.52934 0.20174 -0.4655
-0.52738 0.19852 -0.49266
-0.53606 0.21056 -0.51954
-0.53354 0.19698 -0.54138
-0.53354 0.19698 -0.54138
-0.53102 0.182 -0.5677
-0.5299 0.19712 -0.5873
-0.52906 0.18284 -0.59934
-0.5299 0.18466 -0.60746
-0.5299 0.18466 -0.60746
-0.5257 0.18004 -0.61866
-0.51954 0.16996 -0.63602
-0.52094 0.15848 -0.64974
-0.52486 0.15722 -0.65142
-0.52486 0.15722 -0.65142
-0.53074 0.14378 -0.67298
-0.52934 0.15022 -0.67718
-0.5383 0.16072 -0.66318
-0.53214 0.16226 -0.66122
-0.53018 0.16464 -0.66346
-0.52598 0.15652 -0.65954
-0.54558 0.15316 -0.65114
-0.54558 0.15316 -0.65114
-0.54362 0.16464 -0.66094
-0.54586 0.17416 -0.66738
-0.5537 0.15414 -0.66066
-0.5537 0.15414 -0.66066
-0.5537 0.16282 -0.67186
-0.55118 0.12362 -0.69398
-0.5439 0.13314 -0.70546
-0.5439 0.13314 -0.70546
-0.55118 0.1435 -0.69258
-0.54978 0.13986 -0.6965
-0.55342 0.12236 -0.71862
-0.55286 0.11116 -0.72058
-0.55174 0.10948 -0.72898
-0.55538 0.10948 -0.73206
-0.56658 0.09016 -0.7343
-0.5565 0.09324 -0.75026
-0.55986 0.06958 -0.76706
-0.56266 0.05418 -0.77826
-0.55594 0.04396 -0.7917
-0.54978 0.0385 -0.7973
-0.55006 0.03318 -0.79786
-0.55006 0.03318 -0.79786
-0.55678 0.03304 -0.8071
-0.5565 0.02884 -0.81046
-0.5551 0.00882 -0.81718
-0.5579 -0.01918 -0.82278
-0.55678 -0.01638 -0.83762
-0.5593 -0.04536 -0.84406
-0.56406 -0.04872 -0.84994
-0.56098 -0.05656 -0.85134
-0.55146 -0.0679 -0.8617
-0.56882 -0.09086 -0.87346
-0.56882 -0.09086 -0.87346
-0.56994 -0.09828 -0.88746
-0.56322 -0.11004 -0.87682
-0.5691 -0.12936 -0.88718
-0.56658 -0.13328 -0.89278
-0.5663 -0.15162 -0.8953
-0.57106 -0.15036 -0.89866
-0.56994 -0.16562 -0.9037
-0.57162 -0.18298 -0.91182
-0.57582 -0.189 -0.9121
-0.57582 -0.189 -0.9121
-0.5803 -0.19026 -0.90846
-0.5705 -0.19572 -0.90706
-0.57582 -0.21364 -0.90734
-0.57582 -0.21126 -0.90986
-0.57162 -0.21924 -0.90874
-0.57498 -0.2156 -0.9079
-0.57414 -0.2331 -0.91014
-0.57638 -0.2177 -0.90762
-0.57722 -0.22456 -0.91126
-0.57582 -0.2331 -0.9191
-0.57078 -0.23968 -0.91014
-0.57442 -0.23254 -0.91014
-0.57526 -0.24024 -0.90622
-0.56938 -0.2436 -0.9079
-0.57862 -0.24304 -0.91182
-0.57386 -0.25746 -0.90594
-0.57162 -0.26446 -0.9093
-0.58338 -0.25956 -0.93478
-0.59458 -0.21994 -0.91714
-0.58506 -0.19096 -0.91854
-0.59318 -0.19992 -0.92554
-0.5845 -0.21756 -0.91294
-0.5817 -0.23254 -0.92078
-0.57974 -0.2331 -0.91518
-0.57918 -0.23688 -0.91966
-0.57638 -0.23156 -0.91742
-0.5705 -0.21546 -0.91798
-0.57246 -0.21938 -0.90986
-0.5579 -0.2142 -0.90622
-0.56966 -0.22806 -0.9149
-0.57386 -0.23366 -0.91546
-0.56798 -0.22974 -0.91014
-0.57666 -0.23086 -0.91042
-0.57666 -0.23086 -0.91042
-0.5761 -0.21532 -0.90846
-0.57022 -0.21742 -0.91602
-0.57134 -0.22008 -0.91826
-0.57218 -0.2226 -0.91658
-0.57218 -0.2226 -0.91658
-0.57442 -0.21896 -0.9177
-0.57526 -0.21952 -0.9205
-0.57554 -0.21686 -0.9177
-0.57694 -0.22568 -0.9177
-0.57694 -0.22568 -0.9205
-0.57386 -0.22414 -0.91378
-0.56994 -0.21308 -0.91014
-0.57498 -0.2156 -0.90958
-0.57162 -0.21392 -0.9149
-0.57162 -0.21392 -0.9149
-0.58058 -0.21154 -0.90818
-0.57246 -0.21966 -0.90986
-0.5789 -0.21756 -0.90426
-0.5705 -0.21406 -0.90762
-0.57946 -0.21602 -0.90594
-0.5761 -0.22358 -0.90846
-0.5747 -0.21574 -0.91406
-0.57442 -0.20888 -0.91154
-0.5761 -0.2184 -0.91406
-0.58058 -0.2121 -0.90874
-0.57778 -0.22204 -0.91742
-0.57498 -0.22358 -0.9107
-0.57834 -0.24038 -0.90566
-0.57414 -0.22792 -0.9023
-0.57862 -0.23198 -0.90678
-0.57526 -0.22232 -0.90622
-0.58254 -0.22358 -0.90314
-0.58254 -0.22358 -0.90314
-0.58758 -0.22624 -0.91042
-0.59738 -0.2191 -0.9135
-0.61166 -0.21252 -0.91294
-0.63322 -0.2282 -0.91406
-0.63686 -0.23044 -0.9275
-0.63686 -0.23044 -0.9275
-0.65366 -0.2289 -0.92946
-0.66738 -0.23058 -0.92862
-0.67774 -0.22036 -0.9373
-0.68082 -0.2275 -0.92974
-0.70406 -0.22148 -0.92918
-0.7231 -0.21854 -0.91714
-0.72926 -0.23338 -0.93758
-0.73794 -0.22372 -0.93254
-0.74214 -0.2191 -0.92722
-0.75138 -0.23506 -0.93058
-0.76146 -0.23576 -0.93086
-0.7763 -0.22764 -0.92358
-0.78302 -0.2226 -0.92358
-0.78302 -0.2226 -0.92358
-0.8015 -0.2275 -0.91098
-0.82698 -0.2324 -0.89082
-0.83454 -0.22582 -0.87822
-0.83454 -0.22582 -0.87822
-0.85862 -0.2317 -0.8617
-0.86926 -0.23394 -0.86338
-0.89054 -0.22638 -0.84938
-0.89642 -0.22792 -0.84154
-0.92302 -0.2226 -0.83118
-0.9373 -0.23464 -0.8211
-0.96642 -0.22904 -0.81158
-0.9779 -0.24094 -0.79226
-0.99778 -0.2338 -0.77658
-1.0143 -0.23716 -0.75082
-1.03278 -0.24248 -0.7385
-1.04146 -0.24346 -0.72506
-1.05126 -0.245 -0.71022
-1.06722 -0.2373 -0.69566
-1.06442 -0.2233 -0.68306
-1.0773 -0.2296 -0.6573
-1.08402 -0.23534 -0.64106
-1.0927 -0.2422 -0.6223
-1.09382 -0.22484 -0.59822
-1.10334 -0.23296 -0.57442
-1.10306 -0.22582 -0.54978
-1.10502 -0.21056 -0.53466
-1.10306 -0.22176 -0.50554
-1.1123 -0.21308 -0.49546
-1.1011 -0.20048 -0.47334
-1.09214 -0.21644 -0.4711
-1.09634 -0.18298 -0.46942
-1.09634 -0.18298 -0.46942
-1.10978 -0.1792 -0.45906
-1.10222 -0.1764 -0.46158
-1.1067 -0.15414 -0.48006
-1.1067 -0.15414 -0.48006
-1.10502 -0.15064 -0.48426
-1.10922 -0.15232 -0.48762
-1.10866 -0.14154 -0.49154
-1.10194 -0.13622 -0.49182
-1.10194 -0.13622 -0.49182
-1.10586 -0.11872 -0.49602
-1.10054 -0.09702 -0.50638
-1.09774 -0.10374 -0.49966
-1.08654 -0.09002 -0.49406
-1.07982 -0.08554 -0.49322
-1.08878 -0.0756 -0.48594
-1.0717 -0.05642 -0.48902
-1.06974 -0.04802 -0.48426
-1.0661 -0.0357 -0.49462
-1.06274 -0.03094 -0.4935
-1.05518 -0.02352 -0.48706
-1.04482 -0.02814 -0.48118
-1.05294 -0.01106 -0.48706
-1.04958 -0.0147 -0.48146
-1.05882 -0.01302 -0.4865
-1.04958 -0.01806 -0.49266
-1.05014 -0.028 -0.49294
-1.05826 -0.00462 -0.4823
-1.05826 -0.00462 -0.4823
-1.05714 -0.02632 -0.48986
-1.05798 -0.03402 -0.4893
-1.05322 -0.02366 -0.49518
-1.05322 -0.02366 -0.49518
-1.05546 -0.03976 -0.47362
-1.0633 -0.05124 -0.4599
-1.0619 -0.06188 -0.44422
-1.08234 -0.07546 -0.43526
-1.0773 -0.08442 -0.4137
-1.07674 -0.09744 -0.40306
-1.07618 -0.11676 -0.39102
-1.07478 -0.10514 -0.38038
-1.07842 -0.12544 -0.3661
-1.07394 -0.11942 -0.34734
-1.05938 -0.12656 -0.34062
-1.06162 -0.12306 -0.31542
-1.05658 -0.1505 -0.30226
-1.0507 -0.14252 -0.28322
-1.03054 -0.16408 -0.23702
-1.03054 -0.16408 -0.23702
-1.02354 -0.16884 -0.22386
-0.99806 -0.1939 -0.1953
-0.99806 -0.1939 -0.1953
-0.98098 -0.20076 -0.1589
-0.9737 -0.19866 -0.14602
-0.9737 -0.19866 -0.14602
-0.95074 -0.20902 -0.11886
-0.94402 -0.2282 -0.11074
-0.94402 -0.2282 -0.11074
-0.9177 -0.23198 -0.09002
-0.91014 -0.22372 -0.07462
-0.88914 -0.23478 -0.06762
-0.88718 -0.24318 -0.06426
-0.87514 -0.2359 -0.04578
-0.86982 -0.23758 -0.0343
-0.84574 -0.24696 -0.0203
-0.83202 -0.24626 -0.01022
-0.81382 -0.252 -0.00686
-0.7917 -0.23772 0.0119
-0.77882 -0.26348 0.01526
-0.70994 -0.24262 -0.01694
-0.71414 -0.2394 -0.00966
-0.69846 -0.2632 -0.00686
-0.6853 -0.25004 0.0091
-0.6783 -0.23954 0.00266
-0.6783 -0.23954 0.00266
-0.67046 -0.2681 0.00126
-0.65982 -0.26194 0.00742
-0.6573 -0.25312 0.01554
-0.6573 -0.25998 0.02114
-0.6573 -0.25998 0.02114
-0.65086 -0.25396 0.01386
-0.64974 -0.26936 0.00826
-0.6405 -0.27692 0.01722
-0.64554 -0.27062 0.0175
-0.63266 -0.29414 0.0147
-0.63938 -0.2891 0.01722
-0.62874 -0.30072 0.0091
-0.61782 -0.30184 0.01218
-0.61026 -0.30352 0.01078
-0.60298 -0.29064 0.01134
-0.58814 -0.3066 0.01134
-0.57582 -0.31472 0.00938
-0.5663 -0.29484 0.00966
-0.56434 -0.294 0.00714
-0.5523 -0.31276 0.00658
-0.54082 -0.3185 0.00658
-0.53158 -0.3192 0.00546
-0.51422 -0.3122 -0.00238
-0.49966 -0.33432 -0.00966
-0.49966 -0.33432 -0.01162
-0.4837 -0.32634 -0.01582
-0.46522 -0.3304 -0.02142
-0.50106 -0.33698 -0.02142
-0.46746 -0.33698 -0.0231
-0.45486 -0.33964 -0.03794
-0.45038 -0.33152 -0.03626
-0.44702 -0.33208 -0.0371
-0.45934 -0.34286 -0.0455
-0.45934 -0.34286 -0.0455
-0.45822 -0.35798 -0.03934
-0.45878 -0.3605 -0.03682
-0.46354 -0.35168 -0.04466
-0.46634 -0.35476 -0.05138
-0.46634 -0.3906 -0.05138
-0.46634 -0.36218 -0.05194
-0.47026 -0.35434 -0.04802
-0.46858 -0.36218 -0.05866
-0.47306 -0.36064 -0.0483
-0.4781 -0.35798 -0.05362
-0.47866 -0.35938 -0.05026
-0.47866 -0.35938 -0.05026
-0.47642 -0.35658 -0.05782
-0.4837 -0.3668 -0.05446
-0.49714 -0.36666 -0.05222
-0.50386 -0.35826 -0.05138
-0.5061 -0.36904 -0.0497
-0.50834 -0.37828 -0.05418
-0.51366 -0.3766 -0.0483
-0.50638 -0.371 -0.04774
-0.5075 -0.37632 -0.04998
-0.5075 -0.37632 -0.04998
-0.51982 -0.37044 -0.0455
-0.51842 -0.37842 -0.0525
-0.52402 -0.36428 -0.04662
-0.51898 -0.37506 -0.05222
-0.52178 -0.37898 -0.0539
-0.51674 -0.37562 -0.05642
-0.51898 -0.37464 -0.04802
-0.51366 -0.36638 -0.04914
-0.51786 -0.3619 -0.05418
-0.51786 -0.3619 -0.05418
-0.50974 -0.37842 -0.06034
-0.51534 -0.3766 -0.05866
-0.5131 -0.37744 -0.05558
-0.50302 -0.36596 -0.06622
-0.5047 -0.37548 -0.05334
-0.50638 -0.37198 -0.06174
-0.5033 -0.37618 -0.06482
-0.49518 -0.3661 -0.06258
-0.49042 -0.3577 -0.0609
-0.48622 -0.34818 -0.06062
-0.47278 -0.35574 -0.06566
-0.46998 -0.35042 -0.0539
-0.4725 -0.35672 -0.0595
-0.46158 -0.35588 -0.06454
-0.4655 -0.35896 -0.0637
-0.45486 -0.35994 -0.07014
-0.46858 -0.35322 -0.0679
-0.4627 -0.36582 -0.0679
-0.45346 -0.36386 -0.07546
-0.45318 -0.35644 -0.07014
-0.45598 -0.34804 -0.07014
-0.45598 -0.34804 -0.06678
-0.45262 -0.35308 -0.06454
-0.46186 -0.36456 -0.06594
-0.45626 -0.3598 -0.0637
-0.45822 -0.36512 -0.06062
-0.46242 -0.36974 -0.07546
-0.46242 -0.36974 -0.07546
-0.46942 -0.35462 -0.06986
-0.47054 -0.37184 -0.07518
-0.48118 -0.371 -0.06538
-0.48398 -0.36442 -0.07462
-0.48398 -0.36442 -0.07462
-0.4879 -0.36596 -0.06902
-0.48454 -0.35266 -0.05754
-0.48398 -0.35168 -0.05474
-0.49322 -0.34622 -0.05138
-0.47866 -0.34342 -0.04466
-0.49042 -0.33908 -0.04186
-0.4809 -0.32214 -0.04074
-0.4851 -0.32788 -0.03122
-0.47418 -0.32522 -0.03038
-0.48258 -0.3073 -0.02954
-0.47558 -0.30898 -0.03066
-0.4781 -0.31234 -0.0287
-0.48062 -0.30464 -0.02674
-0.46578 -0.2975 -0.02478
-0.4767 -0.29764 -0.02226
-0.47502 -0.29526 -0.01834
-0.46746 -0.29106 -0.01918
-0.46746 -0.29526 -0.02086
-0.46578 -0.308 -0.02814
-0.46242 -0.29372 -0.0203
-0.47026 -0.29456 -0.01638
-0.46998 -0.30156 -0.0273
-0.47502 -0.29134 -0.01806
-0.47502 -0.29134 -0.01806
-0.47502 -0.29134 -0.01806
-0.4809 -0.28056 -0.01722
-0.4809 -0.28056 -0.01722
-0.48594 -0.28896 -0.01386
-0.49518 -0.28364 -0.00602
-0.48538 -0.27468 -0.00406
-0.48426 -0.28574 -0.01302
-0.48426 -0.28574 -0.01302
-0.48678 -0.28448 -0.0091
-0.47362 -0.28308 -0.01918
-0.4655 -0.2975 -0.01974
-0.46746 -0.30058 -0.02758
-0.45962 -0.31388 -0.0301
-0.4641 -0.31864 -0.02646
-0.4641 -0.31864 -0.02646
-0.4627 -0.32284 -0.02786
-0.46214 -0.32032 -0.03318
-0.46018 -0.32676 -0.0315
-0.46774 -0.32634 -0.04662
-0.47138 -0.3283 -0.0371
-0.47138 -0.3283 -0.0371
-0.4753 -0.32942 -0.03878
-0.47418 -0.34104 -0.03486
-0.47614 -0.35868 -0.04158
-0.47614 -0.35868 -0.04158
-0.48874 -0.34692 -0.04718
-0.4823 -0.36456 -0.04438
-0.48706 -0.35938 -0.05446
-0.48706 -0.3612 -0.05446
-0.50498 -0.36092 -0.05726
-0.5047 -0.36974 -0.06286
-0.50554 -0.35672 -0.0511
-0.50554 -0.35672 -0.0511
-0.49602 -0.38024 -0.06874
-0.48902 -0.3682 -0.0651
-0.48286 -0.36848 -0.06118
-0.47306 -0.35126 -0.06538
-0.47306 -0.35126 -0.06538
-0.45094 -0.34608 -0.06566
-0.44114 -0.3353 -0.06706
-0.43274 -0.33502 -0.06762
-0.41678 -0.32032 -0.07602
-0.40278 -0.32466 -0.07742
-0.39438 -0.30856 -0.07938
-0.38486 -0.32172 -0.0875
-0.37814 -0.30646 -0.08218
-0.36862 -0.31542 -0.08666
-0.34258 -0.2793 -0.08694
-0.34258 -0.2793 -0.08694
-0.33726 -0.27006 -0.09702
-0.33278 -0.25872 -0.10094
-0.31402 -0.25382 -0.11438
-0.30394 -0.23912 -0.12194
-0.30394 -0.24038 -0.12194
-0.30562 -0.24038 -0.13846
-0.28434 -0.22484 -0.15778
-0.28714 -0.21966 -0.16926
-0.2667 -0.22134 -0.18242
-0.26306 -0.22596 -0.18578
-0.25886 -0.2177 -0.1953
-0.25634 -0.21392 -0.20286
-0.25606 -0.21126 -0.2163
-0.24878 -0.2086 -0.2219
-0.24626 -0.21672 -0.23814
-0.24122 -0.19894 -0.2457
-0.24122 -0.19768 -0.2457
-0.24346 -0.19768 -0.25186
-0.24122 -0.20328 -0.24514
-0.2471 -0.20356 -0.2569
-0.2457 -0.1946 -0.24738
-0.23814 -0.18844 -0.2471
-0.24038 -0.1981 -0.2387
-0.2443 -0.19516 -0.2597
-0.2429 -0.20846 -0.25998
-0.24206 -0.2037 -0.25858
-0.23954 -0.20972 -0.27006
-0.2401 -0.19908 -0.27538
-0.24962 -0.20286 -0.27622
-0.24178 -0.21014 -0.27958
-0.2415 -0.20958 -0.28602
-0.25018 -0.21098 -0.29274
-0.25018 -0.21098 -0.29274
-0.24094 -0.19586 -0.29022
-0.2387 -0.21364 -0.31038
-0.23758 -0.21462 -0.30506
-0.2443 -0.21028 -0.30954
-0.23954 -0.21294 -0.3115
-0.24234 -0.21686 -0.31598
-0.24038 -0.21084 -0.3045
-0.24038 -0.21084 -0.3045
-0.2471 -0.22176 -0.30954
-0.24178 -0.21658 -0.31318
-0.24794 -0.21812 -0.3059
-0.24234 -0.22022 -0.29946
-0.24234 -0.22022 -0.29946
-0.24066 -0.21462 -0.29806
-0.24318 -0.21784 -0.29498
-0.2457 -0.22232 -0.29386
-0.2457 -0.22232 -0.29386
-0.24906 -0.21854 -0.28546
-0.24794 -0.21392 -0.28686
-0.24822 -0.19978 -0.28098
-0.25074 -0.22288 -0.2765
-0.24206 -0.22218 -0.27566
-0.24402 -0.22484 -0.27846
-0.24262 -0.24164 -0.28238
-0.24514 -0.22498 -0.27286
-0.24318 -0.22764 -0.28294
-0.24598 -0.22344 -0.2807
-0.24514 -0.22694 -0.2835
-0.24514 -0.22694 -0.2835
-0.24542 -0.23422 -0.27566
-0.23758 -0.23184 -0.28826
-0.24318 -0.23422 -0.28686
-0.2429 -0.21938 -0.29582
-0.24542 -0.22428 -0.30282
-0.24598 -0.2387 -0.30226
-0.2345 -0.24556 -0.31374
-0.23254 -0.231 -0.30702
-0.23478 -0.22946 -0.30646
-0.2401 -0.24304 -0.31374
-0.2401 -0.24304 -0.31374
-0.23422 -0.23786 -0.31094
-0.23618 -0.23604 -0.31542
-0.23058 -0.23982 -0.3241
-0.23058 -0.23982 -0.3241
-0.22554 -0.23156 -0.32074
-0.23058 -0.22974 -0.3213
-0.23338 -0.2415 -0.33894
-0.22918 -0.2422 -0.3339
-0.22722 -0.24514 -0.3395
-0.22302 -0.2366 -0.33894
-0.22666 -0.25298 -0.33978
-0.22778 -0.23814 -0.34874
-0.22778 -0.22904 -0.34818
-0.2317 -0.23996 -0.35042
-0.2317 -0.24794 -0.35042
-0.22778 -0.24794 -0.34902
-0.22358 -0.23366 -0.36302
-0.2191 -0.23702 -0.3815
-0.22246 -0.23044 -0.38598
-0.22246 -0.23044 -0.38598
-0.23058 -0.23436 -0.38794
-0.22638 -0.2359 -0.4123
-0.22778 -0.2198 -0.41846
-0.22778 -0.2198 -0.41846
-0.23562 -0.2205 -0.43442
-0.22358 -0.22176 -0.46214
-0.23338 -0.2149 -0.4599
-0.23366 -0.23212 -0.47222
-0.23366 -0.23212 -0.47222
-0.2359 -0.2198 -0.4809
-0.23394 -0.22582 -0.51758
-0.25298 -0.21308 -0.52066
-0.24402 -0.22288 -0.5369
-0.24822 -0.2128 -0.55342
-0.24822 -0.2128 -0.55342
-0.26082 -0.2191 -0.58534
-0.27146 -0.2219 -0.5873
-0.2695 -0.19544 -0.60914
-0.28042 -0.20748 -0.61334
-0.28182 -0.20398 -0.63546
-0.28182 -0.20398 -0.63882
-0.30898 -0.19754 -0.64946
-0.30898 -0.19754 -0.64946
-0.31626 -0.20664 -0.67522
-0.3269 -0.20888 -0.68754
-0.3269 -0.20888 -0.68754
-0.3409 -0.22876 -0.71022
-0.35098 -0.22302 -0.71974
-0.35098 -0.22302 -0.71974
-0.36218 -0.21742 -0.7399
-0.36834 -0.20174 -0.74046
-0.37002 -0.21322 -0.74662
-0.36134 -0.2142 -0.74606
-0.37562 -0.2128 -0.76118
-0.40026 -0.22442 -0.76874
-0.39214 -0.2121 -0.76958
-0.40082 -0.21574 -0.7847
-0.40782 -0.21168 -0.77826
-0.41342 -0.21546 -0.79534
-0.4249 -0.2219 -0.80458
-0.4249 -0.2219 -0.80458
-0.4543 -0.2051 -0.8197
-0.46326 -0.21644 -0.82222
-0.46326 -0.21644 -0.82222
-0.4739 -0.21644 -0.83118
-0.48678 -0.20664 -0.83706
-0.50638 -0.21126 -0.8449
-0.51534 -0.1988 -0.85694
-0.52262 -0.20342 -0.86142
-0.53662 -0.20678 -0.86254
-0.53662 -0.20678 -0.86254
-0.5411 -0.21084 -0.88186
-0.54138 -0.21952 -0.87066
-0.54082 -0.20104 -0.8743
-0.53802 -0.20664 -0.87094
-0.53634 -0.2072 -0.87374
-0.5355 -0.21154 -0.87486
-0.53578 -0.20692 -0.8771
-0.53494 -0.2065 -0.87682
-0.53494 -0.2065 -0.87682
-0.5411 -0.2149 -0.87262
-0.5411 -0.20454 -0.87402
-0.54614 -0.20048 -0.87766
-0.54082 -0.20076 -0.86954
-0.53102 -0.20678 -0.86786
-0.54474 -0.19978 -0.87682
-0.52766 -0.2093 -0.87458
-0.53774 -0.20272 -0.87738
-0.53466 -0.20888 -0.87234
-0.53998 -0.19698 -0.8729
-0.53802 -0.20566 -0.87458
-0.53998 -0.20524 -0.86646
-0.5397 -0.19712 -0.8715
-0.53074 -0.20244 -0.86758
-0.52934 -0.2184 -0.87486
-0.52934 -0.2184 -0.87486
-0.53998 -0.23198 -0.86842
-0.52822 -0.20972 -0.85358
-0.52822 -0.20972 -0.85358
-0.5313 -0.21658 -0.85638
-0.51226 -0.20916 -0.86086
-0.51618 -0.20762 -0.85218
-0.51618 -0.20762 -0.85218
-0.51226 -0.18214 -0.85498
-0.49994 -0.1694 -0.85358
-0.50218 -0.16688 -0.8533
-0.5089 -0.14952 -0.85442
-0.50694 -0.14154 -0.85078
-0.5033 -0.14084 -0.8491
-0.52094 -0.1022 -0.85722
-0.52262 -0.10444 -0.85862
-0.52822 -0.10178 -0.85918
-0.52822 -0.10178 -0.85918
-0.53634 -0.08862 -0.8673
-0.5341 -0.08106 -0.8659
-0.54502 -0.09576 -0.87178
-0.55426 -0.07042 -0.85834
-0.5593 -0.06538 -0.86058
-0.55594 -0.07602 -0.87234
-0.55594 -0.07602 -0.87234
-0.56322 -0.07182 -0.8673
-0.55762 -0.06314 -0.8645
-0.56014 -0.06412 -0.86562
-0.56406 -0.06272 -0.86114
-0.57638 -0.07588 -0.86618
-0.57022 -0.05726 -0.86366
-0.56938 -0.06636 -0.86422
-0.56938 -0.06636 -0.86422
-0.57218 -0.0546 -0.85974
-0.5817 -0.05572 -0.86422
-0.58002 -0.04578 -0.8589
-0.58002 -0.04578 -0.8589
-0.5845 -0.05054 -0.86814
-0.58954 -0.04466 -0.86842
-0.59234 -0.0595 -0.87094
-0.60494 -0.05516 -0.87486
-0.60186 -0.04788 -0.86842
-0.60102 -0.05138 -0.87738
-0.60942 -0.0532 -0.87766
-0.60942 -0.0532 -0.87766
-0.5971 -0.05852 -0.88018
-0.59822 -0.05068 -0.87486
-0.6041 -0.05824 -0.87486
-0.59318 -0.05726 -0.87318
-0.59458 -0.06524 -0.87374
-0.59374 -0.06426 -0.87374
-0.5985 -0.049 -0.87318
-0.5985 -0.049 -0.87318
-0.5971 -0.04844 -0.87206
-0.59262 -0.049 -0.87122
-0.59878 -0.04634 -0.87038
-0.59626 -0.0637 -0.86366
-0.59598 -0.05012 -0.87066
-0.59178 -0.0476 -0.88326
-0.6013 -0.05292 -0.8701
-0.59654 -0.06328 -0.87542
-0.59514 -0.05166 -0.86898
-0.59514 -0.05754 -0.86898
-0.59654 -0.04452 -0.87206
-0.59094 -0.05362 -0.87458
-0.5901 -0.04312 -0.86786
-0.5901 -0.04312 -0.86786
-0.59178 -0.04984 -0.87598
-0.5929 -0.04676 -0.87262
-0.59262 -0.04942 -0.86898
-0.58758 -0.04312 -0.8687
-0.58758 -0.04312 -0.8687
-0.59262 -0.06342 -0.86982
-0.58982 -0.05222 -0.8673
-0.59402 -0.04088 -0.8631
-0.59402 -0.04088 -0.8631
-0.5971 -0.02968 -0.86814
-0.58562 -0.04774 -0.8673
-0.59542 -0.04816 -0.8659
-0.59962 -0.04116 -0.86926
-0.59458 -0.05152 -0.86394
-0.59206 -0.04648 -0.86478
-0.59094 -0.04242 -0.86366
-0.58534 -0.04858 -0.86618
-0.59318 -0.0385 -0.86534
-0.59402 -0.04116 -0.86646
-0.5873 -0.03542 -0.86898
-0.59766 -0.04844 -0.8645
-0.59766 -0.04844 -0.8645
-0.59598 -0.04438 -0.86114
-0.59458 -0.04102 -0.8715
-0.59234 -0.03948 -0.86758
-0.59234 -0.03948 -0.86758
-0.58618 -0.04088 -0.87178
-0.59402 -0.03486 -0.8645
-0.5915 -0.0308 -0.87542
-0.5915 -0.0308 -0.87542
-0.59514 -0.04998 -0.8715
-0.58478 -0.04214 -0.87262
-0.5971 -0.035 -0.87122
-0.6013 -0.0427 -0.87122
-0.60242 -0.01918 -0.86954
-0.59486 -0.03374 -0.87206
-0.58954 -0.05026 -0.8715
-0.58954 -0.05026 -0.8715
-0.58982 -0.03864 -0.87598
-0.5957 -0.05194 -0.87178
-0.59206 -0.03864 -0.8645
-0.59346 -0.04858 -0.8785
-0.59542 -0.04942 -0.87178
-0.5873 -0.0616 -0.87206
-0.5971 -0.056 -0.86506
-0.59066 -0.07224 -0.87486
-0.59318 -0.08288 -0.87906
-0.59318 -0.08302 -0.8785
-0.59066 -0.09716 -0.88634
-0.59066 -0.0903 -0.88634
-0.59066 -0.0903 -0.88382
-0.58954 -0.09884 -0.88998
-0.5999 -0.10794 -0.87598
-0.59458 -0.11648 -0.87654
-0.59766 -0.1127 -0.8925
-0.58674 -0.11522 -0.8967
-0.58898 -0.11704 -0.88326
-0.58562 -0.1148 -0.88438
-0.59206 -0.12558 -0.88578
-0.58842 -0.13454 -0.88998
-0.59682 -0.14588 -0.88718
-0.5985 -0.14938 -0.88662
-0.5985 -0.14938 -0.88662
-0.59514 -0.16492 -0.88298
-0.60298 -0.16604 -0.89362
-0.59878 -0.18648 -0.88298
-0.60326 -0.19572 -0.87934
-0.60326 -0.19572 -0.87934
-0.59402 -0.21742 -0.88662
-0.59542 -0.22596 -0.88438
-0.60214 -0.25662 -0.88438
-0.60214 -0.28168 -0.88438
-0.61054 -0.3024 -0.88774
-0.6195 -0.32634 -0.88662
-0.62566 -0.33656 -0.88466
-0.6097 -0.36484 -0.88046
-0.62342 -0.39746 -0.87458
-0.62342 -0.41342 -0.84966
-0.62258 -0.44408 -0.84098
-0.61586 -0.46088 -0.81886
-0.59962 -0.49308 -0.79814
-0.59962 -0.49308 -0.79814
-0.60158 -0.49574 -0.7959
-0.5971 -0.48748 -0.76566
-0.59038 -0.48986 -0.74718
-0.58366 -0.48832 -0.72366
-0.5817 -0.51702 -0.68754
-0.57414 -0.51954 -0.65926
-0.5383 -0.52094 -0.65926
-0.5705 -0.52094 -0.62006
-0.56462 -0.52458 -0.54642
-0.55062 -0.50946 -0.49518
-0.55622 -0.50372 -0.4529
-0.55426 -0.52122 -0.42938
-0.55678 -0.51968 -0.40082
-0.55594 -0.5019 -0.3703
-0.56098 -0.50498 -0.33166
-0.55006 -0.48804 -0.27566
-0.55006 -0.48804 -0.27566
-0.55566 -0.46648 -0.25466
-0.5453 -0.45738 -0.22918
-0.54474 -0.4515 -0.20314
-0.54334 -0.4312 -0.18102
-0.54334 -0.4312 -0.18102
-0.5425 -0.41874 -0.17514
-0.53886 -0.41734 -0.16758
-0.53102 -0.40866 -0.1673
-0.5355 -0.41818 -0.17374
-0.5341 -0.42826 -0.17402
-0.53326 -0.43946 -0.19362
-0.55454 -0.43204 -0.19838
-0.54586 -0.44198 -0.2009
-0.55062 -0.45626 -0.21098
-0.55566 -0.44436 -0.21154
-0.55342 -0.45626 -0.21462
-0.56126 -0.4543 -0.21882
-0.55846 -0.46284 -0.22946
-0.56994 -0.45374 -0.2205
-0.56434 -0.4522 -0.2205
-0.56126 -0.45108 -0.2275
-0.56966 -0.45668 -0.22638
-0.55846 -0.4571 -0.22106
-0.55342 -0.46774 -0.23982
-0.55342 -0.46774 -0.23982
-0.55146 -0.47558 -0.2429
-0.54054 -0.47166 -0.27062
-0.5411 -0.4676 -0.27594
-0.54138 -0.47712 -0.30114
-0.54138 -0.47712 -0.30114
-0.54362 -0.47922 -0.30254
-0.5495 -0.47516 -0.28798
-0.55286 -0.47292 -0.26698
-0.5607 -0.46998 -0.23674
-0.57078 -0.4606 -0.21294
-0.5663 -0.44618 -0.18886
-0.57134 -0.43498 -0.16086
-0.56966 -0.42616 -0.13734
-0.56462 -0.40628 -0.11606
-0.56854 -0.39284 -0.0931
-0.56378 -0.36974 -0.08162
-0.55258 -0.3255 -0.0497
-0.55258 -0.3255 -0.0497
-0.55314 -0.29862 -0.04298
-0.53158 -0.25158 -0.02758
-0.52458 -0.24878 -0.02982
-0.52458 -0.24878 -0.02982
-0.51646 -0.22638 -0.01638
-0.50694 -0.18396 -0.02478
-0.5145 -0.18046 -0.01666
-0.51758 -0.14112 -0.01806
-0.51758 -0.14112 -0.01806
-0.51394 -0.11634 -0.02954
-0.52934 -0.09254 -0.01414
-0.52906 -0.07294 -0.0273
-0.54418 -0.05642 -0.04298
-0.55006 -0.05936 -0.05362
-0.55006 -0.04228 -0.05614
-0.55258 -0.03444 -0.05278
-0.56602 -0.01862 -0.05754
-0.5649 -0.0049 -0.06986
-0.5649 -0.0007 -0.07518
-0.5579 0.02072 -0.0875
-0.55566 0.0189 -0.11802
-0.55202 0.02338 -0.11634
-0.55202 0.02338 -0.11634
-0.5537 0.03962 -0.12082
-0.55426 0.0217 -0.11886
-0.54362 0.0196 -0.1225
-0.55118 0.01568 -0.11662
-0.55118 0.02324 -0.11522
-0.55174 0.0273 -0.11662
-0.5523 0.02212 -0.1071
-0.55846 0.01792 -0.10626
-0.55594 0.01554 -0.1239
-0.56574 0.02212 -0.10962
-0.5607 0.01708 -0.11018
-0.56042 0.0175 -0.11298
-0.56126 0.02198 -0.1099
-0.5621 0.02828 -0.12278
-0.5663 0.04522 -0.12194
-0.5621 0.03346 -0.1351
-0.5635 0.04914 -0.12474
-0.5635 0.04914 -0.12474
-0.53774 0.07798 -0.12894
-0.55174 0.0952 -0.13706
-0.54586 0.09856 -0.16114
-0.54222 0.1218 -0.1827
-0.54698 0.15596 -0.2513
-0.54698 0.15596 -0.2513
-0.55678 0.17654 -0.27286
-0.54474 0.20216 -0.28994
-0.55118 0.21168 -0.31094
-0.56014 0.21448 -0.33726
-0.55314 0.22064 -0.38458
-0.55314 0.22064 -0.38458
-0.55622 0.2247 -0.4431
-0.55734 0.23436 -0.46242
-0.55734 0.23436 -0.46242
-0.5537 0.22176 -0.51534
-0.5523 0.2219 -0.5383
-0.5565 0.22246 -0.54838
-0.55034 0.21294 -0.5649
-0.55006 0.20762 -0.57834
-0.55706 0.21378 -0.58226
-0.55538 0.20496 -0.57974
-0.56014 0.20552 -0.57946
-0.55594 0.22134 -0.55538
-0.55202 0.22106 -0.55034
-0.55202 0.22106 -0.55034
-0.54726 0.22358 -0.54586
-0.54054 0.21658 -0.5341
-0.53746 0.23254 -0.5299
-0.53046 0.23156 -0.52766
-0.53662 0.23478 -0.52766
-0.54194 0.23632 -0.51814
-0.53886 0.23688 -0.50638
-0.54614 0.2408 -0.5131
-0.54922 0.24472 -0.51646
-0.54922 0.24472 -0.5019
-0.54754 0.24542 -0.50946
-0.56182 0.24206 -0.52122
-0.56854 0.24066 -0.52458
-0.56854 0.24066 -0.52458
-0.57162 0.22708 -0.57078
-0.57162 0.22372 -0.58926
-0.57918 0.21196 -0.60914
-0.57918 0.21196 -0.60914
-0.58478 0.2009 -0.6503
-0.58394 0.18144 -0.66542
-0.5929 0.18522 -0.68278
-0.59206 0.16898 -0.70098
-0.59598 0.14812 -0.73122
-0.59374 0.1386 -0.74438
-0.60354 0.10808 -0.78134
-0.6069 0.08526 -0.7847
-0.6069 0.07406 -0.80794
-0.61054 0.05852 -0.81662
-0.61194 0.03962 -0.83678
-0.61194 0.03962 -0.83678
-0.60326 -0.00392 -0.8449
-0.60774 0.00224 -0.8589
-0.60382 -0.0042 -0.85722
-0.60662 -0.03766 -0.86674
-0.60382 -0.0175 -0.8645
-0.59738 -0.00714 -0.86926
-0.5929 -0.01204 -0.85778
-0.58534 -0.0133 -0.85134
-0.58394 -0.00252 -0.84546
-0.57638 0.0238 -0.83986
-0.56602 0.02898 -0.83202
-0.56602 0.03374 -0.82054
-0.57302 0.0399 -0.8141
-0.57302 0.0399 -0.8141
-0.56266 0.0497 -0.81046
-0.5733 0.08358 -0.78666
-0.56154 0.07966 -0.76902
-0.55958 0.10794 -0.76594
-0.56714 0.11088 -0.74438
-0.56406 0.13132 -0.7329
-0.55958 0.1365 -0.71106
-0.5369 0.15722 -0.68726
-0.54306 0.1771 -0.65506
-0.54306 0.1771 -0.65506
-0.5299 0.17976 -0.62398
-0.5243 0.1841 -0.6167
-0.52094 0.19348 -0.60746
-0.51254 0.19222 -0.59766
-0.51338 0.19418 -0.58954
-0.51618 0.2009 -0.57918
-0.51534 0.20188 -0.57274
-0.51534 0.20188 -0.57274
-0.50582 0.19698 -0.56798
-0.5117 0.217 -0.56238
-0.50666 0.21602 -0.5425
-0.50638 0.21994 -0.53746
-0.50862 0.21854 -0.54334
-0.50862 0.21854 -0.54334
-0.5131 0.21364 -0.52626
-0.50694 0.21812 -0.52626
-0.50666 0.21378 -0.51954
-0.50806 0.2373 -0.52962
-0.51058 0.22582 -0.52794
-0.51058 0.2317 -0.5327
-0.50778 0.2212 -0.53298
-0.50106 0.22904 -0.5411
-0.50778 0.21434 -0.54418
-0.50778 0.21434 -0.54418
-0.5019 0.2086 -0.55398
-0.49322 0.2086 -0.54726
-0.5005 0.21784 -0.55202
-0.49798 0.20538 -0.55902
-0.50442 0.2023 -0.55454
-0.49434 0.22456 -0.54558
-0.49826 0.22232 -0.53522
-0.49826 0.22232 -0.53522
-0.49686 0.23366 -0.53522
-0.49686 0.23506 -0.53522
-0.50834 0.23506 -0.53018
-0.50946 0.22246 -0.53186
-0.50694 0.22246 -0.51338
-0.49938 0.2233 -0.51282
-0.51226 0.22414 -0.47334
-0.51226 0.22414 -0.47334
-0.49798 0.21602 -0.45094
-0.5131 0.22834 -0.42882
-0.50526 0.21364 -0.40978
-0.51058 0.21602 -0.38934
-0.50806 0.2268 -0.3745
-0.50722 0.2268 -0.36106
-0.51086 0.2198 -0.36778
-0.50246 0.22988 -0.37758
-0.50442 0.22554 -0.39018
-0.50806 0.21154 -0.39018
-0.50806 0.21154 -0.41706
-0.4949 0.21042 -0.3913
-0.49434 0.20412 -0.38262
-0.48286 0.2016 -0.3773
-0.47754 0.20062 -0.3535
-0.47866 0.20286 -0.34146
-0.48034 0.18746 -0.34034
-0.47558 0.20272 -0.32214
-0.47754 0.20118 -0.31878
-0.47754 0.20118 -0.31878
-0.47978 0.19432 -0.31682
-0.47698 0.18592 -0.30618
-0.47922 0.18172 -0.30086
-0.47922 0.18172 -0.30086
-0.48286 0.17794 -0.29078
-0.48146 0.18942 -0.29162
-0.47922 0.18326 -0.29358
-0.47922 0.18326 -0.29358
-0.48594 0.19124 -0.29554
-0.47334 0.18494 -0.30338
-0.47222 0.19096 -0.30702
-0.4795 0.19236 -0.31542
-0.47194 0.19012 -0.31402
-0.45682 0.1988 -0.32186
-0.46802 0.1953 -0.33334
-0.4669 0.18578 -0.33362
-0.46102 0.19502 -0.34006
-0.45514 0.1897 -0.34734
-0.4655 0.1897 -0.3591
-0.47194 0.19138 -0.36218
-0.47502 0.19698 -0.36302
-0.46606 0.20118 -0.3675
-0.48006 0.20104 -0.38682
-0.4767 0.20426 -0.38878
-0.4837 0.2044 -0.39774
-0.4837 0.2044 -0.39774
-0.4963 0.20566 -0.4137
-0.51142 0.20706 -0.4249
-0.5201 0.20412 -0.43526
-0.5201 0.20412 -0.43526
-0.52878 0.21476 -0.4473
-0.55678 0.21434 -0.45402
-0.56266 0.21336 -0.45934
-0.5803 0.21952 -0.45346
-0.58758 0.22624 -0.45206
-0.58758 0.22624 -0.45206
-0.59038 0.21924 -0.45934
-0.59262 0.22344 -0.45458
-0.58534 0.22372 -0.4515
-0.57218 0.2121 -0.45878
-0.58338 0.21728 -0.45822
-0.58226 0.2128 -0.45626
-0.57526 0.22162 -0.44926
-0.57302 0.2233 -0.4543
-0.58366 0.22428 -0.45962
-0.58366 0.22428 -0.45962
-0.59598 0.22428 -0.4641
-0.60998 0.21686 -0.47502
-0.61418 0.22722 -0.4767
-0.61838 0.23114 -0.4879
-0.62958 0.2289 -0.4991
-0.64134 0.22386 -0.51702
-0.65058 0.24388 -0.51646
-0.64946 0.23128 -0.53046
-0.66598 0.2261 -0.53802
-0.67326 0.23198 -0.54698
-0.67634 0.21462 -0.55818
-0.69258 0.21686 -0.59206
-0.69258 0.21686 -0.59206
-0.68642 0.21686 -0.60242
-0.6937 0.20538 -0.63378
-0.69818 0.20034 -0.64246
-0.7021 0.20006 -0.65198
-0.69902 0.18396 -0.65646
-0.69902 0.18396 -0.65646
-0.69426 0.17724 -0.66374
-0.68446 0.1827 -0.6517
-0.6881 0.18508 -0.64918
-0.67466 0.18648 -0.6503
-0.67466 0.18648 -0.6503
-0.67158 0.20692 -0.63686
-0.66962 0.2093 -0.62342
-0.67746 0.20104 -0.63098
-0.67746 0.20104 -0.63098
-0.66822 0.20356 -0.63042
-0.6825 0.20384 -0.63826
-0.68166 0.20426 -0.63462
-0.68474 0.20622 -0.63714
-0.6811 0.19432 -0.64638
-0.68866 0.19894 -0.63686
-0.68866 0.19894 -0.63686
-0.68306 0.19866 -0.6363
-0.68418 0.20258 -0.6265
-0.69286 0.19152 -0.6321
-0.70434 0.19908 -0.63322
-0.71106 0.19082 -0.63574
-0.7203 0.1855 -0.64834
-0.73402 0.17752 -0.65198
-0.7693 0.16786 -0.66262
-0.7693 0.16786 -0.66262
-0.79114 0.15344 -0.67662
-0.82922 0.14252 -0.67774
-0.84434 0.13216 -0.6839
-0.8589 0.11102 -0.68642
-0.88214 0.09254 -0.68838
-0.89278 0.0945 -0.68306
-0.89894 0.07658 -0.68558
-0.92974 0.07084 -0.67298
-0.93674 0.06202 -0.67158
-0.99358 0.01526 -0.65758
-1.03166 -0.01932 -0.6307
-1.0395 -0.0308 -0.63126
-1.04202 -0.06272 -0.62734
-1.06386 -0.08218 -0.62902
-1.06386 -0.08218 -0.62902
-1.07114 -0.10528 -0.63602
-1.0787 -0.15708 -0.65562
-1.0773 -0.1701 -0.65226
-1.07646 -0.19082 -0.65366
-1.0829 -0.21252 -0.65506
-1.09466 -0.22974 -0.66934
-1.08878 -0.24962 -0.66122
-1.09326 -0.2772 -0.66066
-1.09326 -0.2772 -0.66066
-1.09886 -0.28462 -0.65198
-1.09242 -0.29862 -0.65366
-1.09158 -0.3066 -0.63602
-1.09578 -0.3199 -0.63266
-1.09018 -0.3213 -0.61754
-1.09242 -0.35154 -0.60214
-1.08934 -0.35952 -0.60438
-1.08934 -0.35952 -0.60438
-1.0913 -0.36386 -0.58646
-1.0983 -0.35504 -0.57638
-1.08962 -0.37282 -0.56882
-1.0801 -0.37576 -0.5523
-1.0801 -0.37576 -0.5523
-1.08122 -0.39872 -0.5341
-1.08374 -0.39396 -0.53606
-1.0801 -0.39676 -0.53438
-1.07954 -0.39508 -0.53662
-1.07954 -0.39508 -0.53662
-1.07366 -0.39326 -0.53298
-1.06918 -0.40852 -0.53634
-1.06918 -0.39214 -0.54138
-1.07478 -0.38864 -0.5425
-1.07478 -0.38864 -0.5425
-1.07618 -0.39564 -0.54054
-1.08374 -0.38304 -0.5425
-1.07954 -0.38878 -0.55258
-1.0773 -0.37996 -0.55958
-1.08206 -0.3654 -0.55482
-1.08794 -0.37254 -0.55398
-1.08626 -0.37702 -0.56574
-1.0829 -0.37268 -0.55678
-1.0829 -0.37268 -0.55678
-1.08682 -0.38234 -0.56686
-1.07086 -0.40082 -0.56154
-1.0591 -0.4165 -0.55846
-1.0395 -0.42532 -0.5635
-1.02438 -0.44086 -0.5565
-1.02438 -0.44086 -0.5565
-1.01542 -0.46844 -0.54418
-0.99162 -0.49224 -0.55482
-0.97482 -0.51142 -0.54978
-0.95914 -0.52402 -0.5579
-0.94738 -0.51226 -0.55958
-0.92918 -0.52976 -0.55958
-0.91014 -0.54208 -0.55454
-0.87766 -0.56532 -0.54698
-0.87766 -0.56532 -0.54698
-0.85666 -0.56994 -0.54894
-0.80906 -0.56854 -0.5481
-0.80906 -0.56854 -0.5481
-0.75194 -0.58072 -0.56826
-0.73794 -0.57666 -0.56266
-0.71666 -0.58478 -0.54782
-0.69874 -0.57484 -0.55286
-0.68138 -0.57498 -0.54334
-0.65982 -0.57302 -0.53438
-0.64162 -0.57302 -0.51842
-0.61642 -0.567 -0.51758
-0.59878 -0.56784 -0.51002
-0.55006 -0.55846 -0.49042
-0.53326 -0.5544 -0.47782
-0.53326 -0.5544 -0.47782
-0.51562 -0.54698 -0.47166
-0.47362 -0.5362 -0.45962
-0.45934 -0.51128 -0.45682
-0.44142 -0.51786 -0.44338
-0.4221 -0.5033 -0.43778
-0.41118 -0.49602 -0.43442
-0.3745 -0.46536 -0.43274
-0.37954 -0.45766 -0.42966
-0.37702 -0.45458 -0.42966
-0.3745 -0.46074 -0.42602
-0.36862 -0.45332 -0.4291
-0.37086 -0.46144 -0.43526
-0.3717 -0.45906 -0.44478
-0.37282 -0.46116 -0.43862
-0.3871 -0.46648 -0.44478
-0.39102 -0.48398 -0.4473
-0.3871 -0.47068 -0.45458
-0.39522 -0.4991 -0.4585
-0.39522 -0.4991 -0.4585
-0.39886 -0.49448 -0.45822
-0.42322 -0.48846 -0.45234
-0.42098 -0.49196 -0.45458
-0.42462 -0.48874 -0.45318
-0.42322 -0.50008 -0.46046
-0.41342 -0.4858 -0.45542
-0.41118 -0.49042 -0.4627
-0.41174 -0.48692 -0.45822
-0.39494 -0.48188 -0.46438
-0.38682 -0.47516 -0.45682
-0.38682 -0.47516 -0.45682
-0.38122 -0.46802 -0.46186
-0.38626 -0.46536 -0.46158
-0.39634 -0.46872 -0.46298
-0.39606 -0.47376 -0.47334
-0.39942 -0.48006 -0.48034
-0.40166 -0.47642 -0.47866
-0.39578 -0.46298 -0.47222
-0.37422 -0.44632 -0.47838
-0.37422 -0.44632 -0.47838
-0.3563 -0.44408 -0.47138
-0.35574 -0.4319 -0.46914
-0.3339 -0.40348 -0.45738
-0.32522 -0.40516 -0.4571
-0.32718 -0.39606 -0.45766
-0.31598 -0.38892 -0.45906
-0.31206 -0.3864 -0.45486
-0.2793 -0.33936 -0.43862
-0.27482 -0.33026 -0.43694
-0.26558 -0.30058 -0.4375
-0.25802 -0.27972 -0.4277
-0.24878 -0.23926 -0.42574
-0.24878 -0.23926 -0.42574
-0.24906 -0.23044 -0.41874
-0.23646 -0.18228 -0.4067
-0.24346 -0.17724 -0.41034
-0.23058 -0.1449 -0.41174
-0.23198 -0.14196 -0.41146
-0.23198 -0.14196 -0.41146
-0.23198 -0.1008 -0.41538
-0.23506 -0.09212 -0.41762
-0.24738 -0.05992 -0.4179
-0.24738 -0.05992 -0.4179
-0.24906 -0.04368 -0.4235
-0.25522 -0.0273 -0.43498
-0.26866 -0.01596 -0.43526
-0.2667 -0.00532 -0.43526
-0.2667 -0.00532 -0.43666
-0.27594 0.01204 -0.44086
-0.27678 0.01582 -0.44114
-0.2835 0.0175 -0.44758
-0.28686 0.03136 -0.44198
-0.2779 0.01344 -0.44674
-0.27538 0.02226 -0.4543
-0.28042 0.02422 -0.45598
-0.28042 0.02422 -0.45598
-0.28602 0.02072 -0.44814
-0.2821 0.01526 -0.43834
-0.2723 0.0084 -0.4529
-0.28126 0.00322 -0.44702
-0.28126 0.00322 -0.44702
-0.27622 0.00616 -0.44618
-0.27874 0.01834 -0.4529
-0.27006 -0.00224 -0.46858
-0.27678 -0.00504 -0.45626
-0.27706 0.00784 -0.45822
-0.27174 -0.00322 -0.46242
-0.26474 -0.0112 -0.4613
-0.2681 0.00252 -0.45766
-0.27258 0.00098 -0.4529
-0.27258 0.00098 -0.4529
-0.27818 0.0105 -0.45542
-0.28462 0.02142 -0.46158
-0.2919 0.03738 -0.46494
-0.30226 0.05334 -0.48118
-0.30226 0.05334 -0.48118
-0.32634 0.06692 -0.4865
-0.33082 0.09324 -0.47558
-0.3451 0.11046 -0.48342
-0.3451 0.11046 -0.48342
-0.36218 0.12572 -0.4767
-0.3815 0.15162 -0.46886
-0.41706 0.16954 -0.45766
-0.43386 0.17346 -0.4459
-0.45206 0.18116 -0.43806
-0.47642 0.19334 -0.42574
-0.52038 0.21728 -0.4193
-0.52038 0.21728 -0.4193
-0.55538 0.19866 -0.4151
-0.57218 0.21462 -0.41594
-0.61586 0.21532 -0.41034
-0.6321 0.21448 -0.41678
-0.66514 0.2093 -0.4319
-0.67886 0.21714 -0.42658
-0.69818 0.21462 -0.43638
-0.74746 0.19964 -0.46214
-0.74746 0.19964 -0.46214
-0.77098 0.19138 -0.47782
-0.7861 0.18018 -0.4753
-0.83622 0.16562 -0.48342
-0.86198 0.1561 -0.48286
-0.89474 0.12138 -0.49322
-0.92106 0.1064 -0.47194
-0.95662 0.09534 -0.45766
-0.95662 0.09534 -0.45766
-0.95802 0.0896 -0.45234
-0.97594 0.09716 -0.4459
-0.96726 0.08624 -0.44982
-0.9667 0.09758 -0.45542
-0.95578 0.09786 -0.44842
-0.95578 0.10234 -0.44842
-0.95186 0.10248 -0.45346
-0.94346 0.11228 -0.44926
-0.93534 0.12026 -0.44422
-0.93506 0.11942 -0.43834
-0.93506 0.11942 -0.43834
-0.92778 0.12278 -0.43162
-0.91742 0.12012 -0.43302
-0.92582 0.12348 -0.42826
-0.91966 0.1274 -0.42154
-0.91994 0.11508 -0.40838
-0.90958 0.1288 -0.40698
-0.91462 0.12306 -0.40474
-0.91546 0.12278 -0.4095
-0.90986 0.12152 -0.40698
-0.91014 0.12264 -0.40362
-0.9107 0.11382 -0.39662
-0.91574 0.12516 -0.39802
-0.91574 0.12516 -0.39802
-0.91518 0.12292 -0.39018
-0.90622 0.12404 -0.37506
-0.90818 0.13062 -0.36218
-0.90398 0.14056 -0.34986
-0.90902 0.11732 -0.33418
-0.90902 0.11732 -0.33418
-0.90706 0.11928 -0.32578
-0.91994 0.10094 -0.30534
-0.9303 0.09114 -0.29918
-0.94346 0.06692 -0.28294
-0.95158 0.084 -0.2863
-0.96558 0.0574 -0.2877
-0.97818 0.02744 -0.28518
-0.97818 0.02744 -0.28518
-1.00646 0.00098 -0.2961
-1.00758 -0.00182 -0.29806
-1.0129 -0.03108 -0.3017
-1.0339 -0.03822 -0.31626
-1.03502 -0.05418 -0.3241
-1.04426 -0.06804 -0.3227
-1.05742 -0.09968 -0.3325
-1.05742 -0.09968 -0.3325
-1.05994 -0.1071 -0.33306
-1.06918 -0.14252 -0.3535
-1.07086 -0.1596 -0.34874
-1.07422 -0.17878 -0.3479
-1.0703 -0.19278 -0.34454
-1.06946 -0.20272 -0.34734
-1.0689 -0.2317 -0.34846
-1.08346 -0.2345 -0.34482
-1.07842 -0.2534 -0.34538
-1.0731 -0.28294 -0.34454
-1.06442 -0.28742 -0.3521
-1.0591 -0.3157 -0.3577
-1.05742 -0.32718 -0.35294
-1.05378 -0.32522 -0.36162
-1.04846 -0.3458 -0.3563
-1.04762 -0.35784 -0.36638
-1.04062 -0.35784 -0.3605
-1.03222 -0.38192 -0.36358
-1.03306 -0.39102 -0.35714
-1.02298 -0.39354 -0.3647
-1.02298 -0.3934 -0.37058
-1.01794 -0.42854 -0.37226
-1.0171 -0.42294 -0.37982
-1.02774 -0.43456 -0.38094
-1.02774 -0.43456 -0.38094
-1.00814 -0.4396 -0.37842
-1.00198 -0.43568 -0.38262
-0.9975 -0.45164 -0.38346
-0.99246 -0.4466 -0.37506
-0.99246 -0.4466 -0.37506
-0.98602 -0.46004 -0.37926
-0.98406 -0.46634 -0.3731
-0.98294 -0.46074 -0.37646
-0.97146 -0.48076 -0.37254
-0.97146 -0.48076 -0.37254
-0.96866 -0.47768 -0.37282
-0.96278 -0.4767 -0.37534
-0.96278 -0.48888 -0.37114
-0.95634 -0.48944 -0.36666
-0.95634 -0.48944 -0.36666
-0.95774 -0.49224 -0.3689
-0.95186 -0.48846 -0.3619
-0.94178 -0.4928 -0.36778
-0.93842 -0.49966 -0.37394
-0.95242 -0.497 -0.3703
-0.95018 -0.49504 -0.3703
-0.95018 -0.50456 -0.36918
-0.95242 -0.49364 -0.38206
-0.94962 -0.4928 -0.38682
-0.95382 -0.49168 -0.38514
-0.95578 -0.49196 -0.38066
-0.96362 -0.50106 -0.37898
-0.96222 -0.48692 -0.38374
-0.96446 -0.4872 -0.3829
-0.96726 -0.47838 -0.38654
-0.96222 -0.47138 -0.37674
-0.96502 -0.47446 -0.38458
-0.96502 -0.47334 -0.3871
-0.97146 -0.47782 -0.37982
-0.98154 -0.46522 -0.38318
-0.97482 -0.4739 -0.3759
-0.9793 -0.4774 -0.38038
-0.97202 -0.46844 -0.36638
-0.97202 -0.46844 -0.36638
-0.97174 -0.46354 -0.35294
-0.9709 -0.46508 -0.3395
-0.95466 -0.45612 -0.31262
-0.95466 -0.45612 -0.31262
-0.94906 -0.45136 -0.30562
-0.9471 -0.45962 -0.27538
-0.92918 -0.43904 -0.26082
-0.9289 -0.44926 -0.2499
-0.91406 -0.44072 -0.23198
-0.90846 -0.43414 -0.22218
-0.89362 -0.4312 -0.20314
-0.89138 -0.43176 -0.18522
-0.89138 -0.43176 -0.18522
-0.87794 -0.42168 -0.17234
-0.87206 -0.42476 -0.15638
-0.86226 -0.41608 -0.15414
-0.86702 -0.42518 -0.1533
-0.8701 -0.42364 -0.1561
-0.86898 -0.42448 -0.16114
-0.86198 -0.41902 -0.16086
-0.8589 -0.4263 -0.16646
-0.87542 -0.43988 -0.18494
-0.88382 -0.44142 -0.19698
-0.88382 -0.44142 -0.19698
-0.8911 -0.42742 -0.21294
-0.89362 -0.44422 -0.22862
-0.90566 -0.45514 -0.23114
-0.91938 -0.44618 -0.25494
-0.91938 -0.44618 -0.25494
-0.91994 -0.45052 -0.25858
-0.92862 -0.44856 -0.2737
-0.94122 -0.45108 -0.29582
-0.94318 -0.44716 -0.30478
-0.95298 -0.44996 -0.30702
-0.95298 -0.44996 -0.30702
-0.96782 -0.4592 -0.32018
-0.96166 -0.44436 -0.33362
-0.97286 -0.44492 -0.3437
-0.9779 -0.43876 -0.3549
-0.97874 -0.44464 -0.35826
-0.97846 -0.45794 -0.3521
-0.9793 -0.45444 -0.35826
-0.9793 -0.45444 -0.35826
-0.9765 -0.45654 -0.36078
-0.97566 -0.45724 -0.34006
-0.97594 -0.45934 -0.34986
-0.97426 -0.46256 -0.34762
-0.96838 -0.44744 -0.33474
-0.97006 -0.44562 -0.3311
-0.96978 -0.4473 -0.32802
-0.96166 -0.44744 -0.31962
-0.95634 -0.41636 -0.27062
-0.9527 -0.41272 -0.26306
-0.9527 -0.41272 -0.26306
-0.93422 -0.39746 -0.21658
-0.92666 -0.39102 -0.18802
-0.9261 -0.38682 -0.16954
-0.91518 -0.3682 -0.15162
-0.90426 -0.34958 -0.12306
-0.87878 -0.3143 -0.08778
-0.87878 -0.3143 -0.08778
-0.87682 -0.3087 -0.06622
-0.84686 -0.26726 -0.04074
-0.83202 -0.24346 -0.02702
-0.82558 -0.2275 -0.01918
-0.80906 -0.21728 -0.01106
-0.80094 -0.19866 -0.0077
-0.77266 -0.1841 -0.00098
-0.76902 -0.18312 0.0105
-0.76258 -0.18046 0.01442
-0.74522 -0.17472 0.01582
-0.73066 -0.168 0.0203
-0.71498 -0.1736 0.0231
-0.69566 -0.18578 0.02674
-0.69034 -0.1729 0.02562
-0.65786 -0.17304 0.03962
-0.65226 -0.17654 0.03934
-0.64162 -0.17878 0.03318
-0.6349 -0.18214 0.0399
-0.63238 -0.18158 0.0399
-0.6223 -0.17962 0.04522
-0.6237 -0.19194 0.03542
-0.6167 -0.17654 0.0413
-0.61558 -0.18326 0.04102
-0.61474 -0.19978 0.0413
-0.6069 -0.2023 0.0455
-0.61418 -0.19712 0.03598
-0.60606 -0.19922 0.04382
-0.60774 -0.19404 0.03682
-0.60046 -0.21098 0.0455
-0.61502 -0.21294 0.04494
-0.61502 -0.21294 0.04494
-0.6195 -0.2212 0.03458
-0.62762 -0.2107 0.03318
-0.62986 -0.20902 0.03878
-0.63658 -0.21714 0.03766
-0.63658 -0.21714 0.03766
-0.64078 -0.19894 0.03906
-0.65058 -0.21868 0.03962
-0.64974 -0.21014 0.0399
-0.64974 -0.21014 0.0399
-0.66094 -0.2058 0.04662
-0.66262 -0.19936 0.04298
-0.65758 -0.19068 0.04718
-0.65758 -0.19068 0.04718
-0.6671 -0.19628 0.0315
-0.66346 -0.19516 0.03318
-0.66262 -0.19824 0.04186
-0.66038 -0.19306 0.0413
-0.65478 -0.18816 0.0357
-0.64946 -0.18844 0.0357
-0.64778 -0.19558 0.04466
-0.63994 -0.18536 0.04186
-0.63378 -0.1841 0.03682
-0.63378 -0.1841 0.03682
-0.62902 -0.1848 0.03794
-0.60634 -0.1652 0.0091
-0.61306 -0.16562 0.00266
-0.61362 -0.16884 0.00126
-0.62594 -0.17374 0.00126
-0.62594 -0.17374 0.00126
-0.63714 -0.182 -0.0063
-0.63826 -0.18452 -0.00042
-0.63462 -0.18522 -0.00042
-0.64498 -0.175 -0.00994
-0.64554 -0.18242 -0.00126
-0.64246 -0.18116 -0.00574
-0.6321 -0.182 -0.00126
-0.6321 -0.182 -0.00126
-0.61194 -0.1785 -0.0007
-0.60466 -0.18858 -0.0007
-0.59318 -0.17976 -0.00182
-0.59234 -0.17458 0.00266
-0.58114 -0.16898 -0.00434
-0.5719 -0.16562 0.01274
-0.56742 -0.17738 0.01134
-0.55706 -0.17584 0.00602
-0.52374 -0.15764 -0.00042
-0.50526 -0.15764 -0.00266
-0.49266 -0.15274 -0.00518
-0.4767 -0.15806 -0.00602
-0.46942 -0.13874 -0.01302
-0.45766 -0.1603 -0.01554
-0.45766 -0.1603 -0.01554
-0.4403 -0.16422 -0.02702
-0.44394 -0.16618 -0.01162
-0.44254 -0.1743 -0.01498
-0.43946 -0.16646 -0.02114
-0.45934 -0.1673 -0.01834
-0.46858 -0.17332 -0.0105
-0.5019 -0.19558 -0.01526
-0.5019 -0.19558 -0.01526
-0.52206 -0.18704 0.00406
-0.52962 -0.19474 0.00182
-0.54166 -0.19264 0.0007
-0.56546 -0.1743 0.0105
-0.57834 -0.18732 -0.00154
-0.5705 -0.20328 0.01022
-0.59038 -0.203 0.00854
-0.6181 -0.20538 0.01218
-0.6181 -0.20538 0.01218
-0.64106 -0.22694 0.01218
-0.65926 -0.2289 0.01806
-0.67606 -0.24486 0.00966
-0.68306 -0.23632 0.00518
-0.69426 -0.23492 0.00462
-0.71078 -0.24472 -0.00098
-0.70826 -0.238 -0.01022
-0.71862 -0.24066 -0.01414
-0.71666 -0.2282 -0.00378
-0.7189 -0.23786 -0.00294
-0.7273 -0.23506 -0.00378
-0.7315 -0.24164 -0.01274
-0.7315 -0.24164 -0.01274
-0.73458 -0.26852 -0.0175
-0.74634 -0.2681 -0.0245
-0.76034 -0.28924 -0.0315
-0.76874 -0.29624 -0.03374
-0.77014 -0.3136 -0.04746
-0.76622 -0.32032 -0.05586
-0.79814 -0.32046 -0.06426
-0.79814 -0.32046 -0.06426
-0.79758 -0.294 -0.06006
-0.7903 -0.30632 -0.07154
-0.80374 -0.30884 -0.06146
-0.7959 -0.31948 -0.07126
-0.79954 -0.31332 -0.0707
-0.8029 -0.32004 -0.06342
-0.8029 -0.32004 -0.06342
-0.80514 -0.32312 -0.07154
-0.8029 -0.32956 -0.07854
-0.7973 -0.34076 -0.07826
-0.8015 -0.3437 -0.08246
-0.80542 -0.35532 -0.09702
-0.80878 -0.36442 -0.09646
-0.81102 -0.3619 -0.11214
-0.8141 -0.36078 -0.10486
-0.8141 -0.36148 -0.11438
-0.83034 -0.36022 -0.10682
-0.8253 -0.36246 -0.11606
-0.8309 -0.35742 -0.1197
-0.8309 -0.35742 -0.11886
-0.83202 -0.38052 -0.13118
-0.83034 -0.3843 -0.13762
-0.83034 -0.3843 -0.13762
-0.82978 -0.36862 -0.1407
-0.83006 -0.37632 -0.14014
-0.82446 -0.39522 -0.14574
-0.82362 -0.3815 -0.1365
-0.81046 -0.3843 -0.1267
-0.80374 -0.38696 -0.11522
-0.80794 -0.37422 -0.1169
-0.80794 -0.37422 -0.1169
-0.80542 -0.35504 -0.1015
-0.80486 -0.34944 -0.09842
-0.79898 -0.34706 -0.09618
-0.80038 -0.35 -0.08498
-0.79954 -0.33614 -0.07994
-0.79142 -0.31738 -0.0763
-0.78022 -0.30506 -0.0511
-0.78022 -0.30506 -0.0511
-0.75054 -0.30576 -0.0343
-0.7399 -0.31108 -0.02226
-0.7301 -0.29162 -0.0189
-0.72422 -0.30884 -0.01106
-0.7091 -0.29694 -0.01414
-0.6979 -0.2905 -0.00546
-0.68558 -0.29092 -0.0035
-0.65618 -0.28042 0.01582
-0.65618 -0.28042 0.01582
-0.64554 -0.28112 0.01246
-0.62818 -0.29064 0.01302
-0.61922 -0.28798 0.02926
-0.60522 -0.2849 0.02198
-0.60046 -0.29344 0.02058
-0.58338 -0.28532 0.0161
-0.57414 -0.2961 0.01302
-0.5481 -0.28672 0.01498
-0.5481 -0.28672 0.01498
-0.5341 -0.28658 0.01302
-0.52038 -0.3003 0.00994
-0.51002 -0.30072 0.00882
-0.5103 -0.28742 0.01106
-0.51506 -0.2891 0.0147
-0.50134 -0.30044 -0.00434
-0.50218 -0.3045 0.00098
-0.51226 -0.3094 0.00742
-0.50554 -0.30338 0.00742
-0.50694 -0.30814 0.00238
-0.50134 -0.2975 0.0007
-0.51114 -0.29442 0.00938
-0.51114 -0.29442 0.00938
-0.50918 -0.28952 0.01134
-0.51086 -0.27622 0.01414
-0.51366 -0.24822 0.01946
-0.50582 -0.23226 0.02814
-0.50918 -0.23072 0.01946
-0.49574 -0.2037 0.0259
-0.49574 -0.2037 0.0259
-0.49938 -0.17892 0.02618
-0.48342 -0.14924 0.01918
-0.48342 -0.14924 0.01918
-0.4767 -0.13202 0.0189
-0.4767 -0.13202 0.02086
-0.46746 -0.09492 0.0049
-0.46774 -0.08092 -0.01946
-0.46718 -0.05054 -0.01778
-0.45458 -0.02982 -0.04158
-0.45458 -0.02982 -0.04158
-0.45962 -0.02688 -0.05194
-0.46578 -0.00448 -0.06594
-0.46802 -0.00224 -0.09198
-0.45654 0.0273 -0.11326
-0.4571 0.04144 -0.11186
-0.44282 0.04746 -0.13006
-0.42854 0.05124 -0.16198
-0.42574 0.04326 -0.16842
-0.42574 0.04326 -0.16842
-0.41566 0.03668 -0.1855
-0.40082 0.03542 -0.17906
-0.40026 0.04676 -0.18186
-0.3913 0.0378 -0.18326
-0.39298 0.03906 -0.18214
-0.39606 0.04116 -0.17822
-0.39774 0.0329 -0.18298
-0.39158 0.02632 -0.17542
-0.39578 0.02604 -0.1603
-0.40782 0.03654 -0.1519
-0.40782 0.03654 -0.1519
-0.40782 0.02044 -0.13846
-0.42798 0.01708 -0.1421
-0.44254 0.02674 -0.12978
-0.4529 0.01988 -0.11662
-0.46886 0.02226 -0.11858
-0.47418 0.03542 -0.11186
-0.50498 0.03444 -0.1099
-0.50498 0.03444 -0.1099
-0.51562 0.03976 -0.1015
-0.54222 0.03486 -0.10934
-0.55398 0.03472 -0.11102
-0.55818 0.03472 -0.1029
-0.57806 0.03374 -0.11718
-0.58534 0.04032 -0.09898
-0.59906 0.04312 -0.11102
-0.60158 0.0385 -0.11018
-0.62566 0.03962 -0.10318
-0.64134 0.03458 -0.10178
-0.65226 0.03472 -0.10402
-0.66458 0.0266 -0.10122
-0.6657 0.01792 -0.09954
-0.68278 0.01428 -0.08862
-0.69258 0.00336 -0.09422
-0.69594 0.00518 -0.09758
-0.6979 -0.00378 -0.0959
-0.71218 -0.0175 -0.09114
-0.72058 -0.00322 -0.0889
-0.73094 -0.02142 -0.08834
-0.72618 -0.0252 -0.08246
-0.72618 -0.0252 -0.08246
-0.72674 -0.02646 -0.07714
-0.72282 -0.03598 -0.07378
-0.71666 -0.03486 -0.0707
-0.71666 -0.03486 -0.0707
-0.71442 -0.0357 -0.0651
-0.71414 -0.02814 -0.0721
-0.71274 -0.02324 -0.06398
-0.70546 -0.0434 -0.06174
-0.6965 -0.04914 -0.0637
-0.69566 -0.04844 -0.06426
-0.6825 -0.04158 -0.06314
-0.67662 -0.0392 -0.05222
-0.6741 -0.03836 -0.0595
-0.6741 -0.03836 -0.0595
-0.67662 -0.03612 -0.0539
-0.67606 -0.04466 -0.04214
-0.67634 -0.05208 -0.0455
-0.67998 -0.0616 -0.0469
-0.69146 -0.06272 -0.04018
-0.69146 -0.06272 -0.04018
-0.69426 -0.04872 -0.04046
-0.7147 -0.0735 -0.04102
-0.73122 -0.07812 -0.03738
-0.74578 -0.08526 -0.04214
-0.76006 -0.08596 -0.05642
-0.77294 -0.08946 -0.0595
-0.78134 -0.09744 -0.05698
-0.79394 -0.09716 -0.06734
-0.81466 -0.11354 -0.06846
-0.8323 -0.12138 -0.0721
-0.88102 -0.14574 -0.05222
-0.90622 -0.15008 -0.05838
-0.91294 -0.17332 -0.0777
-0.9303 -0.15722 -0.09226
-0.94402 -0.15834 -0.09478
-0.95774 -0.1673 -0.11018
-0.9863 -0.18466 -0.1365
-0.99498 -0.19586 -0.15106
-0.99498 -0.19586 -0.15106
-1.0115 -0.19404 -0.17094
-1.01794 -0.20104 -0.18578
-1.02718 -0.19334 -0.19698
-1.04426 -0.2135 -0.21882
-1.04846 -0.2135 -0.24374
-1.05434 -0.20944 -0.25018
-1.0661 -0.20314 -0.27062
-1.0773 -0.20958 -0.30422
-1.08122 -0.21448 -0.3115
-1.08122 -0.21448 -0.3115
-1.08962 -0.21098 -0.3171
-1.08542 -0.2086 -0.3325
-1.07926 -0.21602 -0.34258
-1.08038 -0.22008 -0.33726
-1.08654 -0.22694 -0.33782
-1.08234 -0.21854 -0.34454
-1.08626 -0.22316 -0.34902
-1.08626 -0.22316 -0.34902
-1.08514 -0.22218 -0.35378
-1.0857 -0.21532 -0.36162
-1.0871 -0.20776 -0.37002
-1.09382 -0.21588 -0.3773
-1.09914 -0.22386 -0.37562
-1.10474 -0.22372 -0.38934
-1.10026 -0.21224 -0.40334
-1.0941 -0.22862 -0.41174
-1.1011 -0.20944 -0.41706
-1.09914 -0.2086 -0.43414
-1.10642 -0.21868 -0.44786
-1.10166 -0.21 -0.4613
-1.10166 -0.21 -0.4613
-1.10782 -0.20902 -0.48678
-1.10418 -0.20398 -0.49966
-1.09662 -0.17668 -0.52738
-1.10418 -0.19558 -0.54334
-1.1053 -0.1869 -0.5537
-1.08598 -0.17878 -0.56518
-1.09466 -0.18844 -0.56686
-1.08822 -0.17738 -0.57358
-1.09634 -0.16422 -0.58898
-1.09186 -0.17206 -0.59766
-1.09214 -0.16408 -0.6335
-1.09214 -0.16408 -0.61446
-1.08234 -0.16744 -0.6125
-1.07982 -0.1624 -0.6209
-1.07758 -0.16604 -0.6419
-1.06526 -0.15834 -0.65506
-1.06386 -0.16128 -0.65926
-1.06442 -0.16268 -0.67074
-1.0535 -0.1666 -0.67998
-1.04678 -0.15246 -0.6839
-1.04034 -0.15162 -0.70294
-1.04034 -0.15162 -0.70294
-1.0269 -0.147 -0.71554
-1.0185 -0.15792 -0.71582
-1.01514 -0.14728 -0.7315
-1.01122 -0.15512 -0.73934
-1.00982 -0.14756 -0.74186
-1.00982 -0.15988 -0.74634
-1.0003 -0.15302 -0.75418
-0.98658 -0.15134 -0.76174
-0.98238 -0.14252 -0.77042
-0.96782 -0.14924 -0.77966
-0.95802 -0.14938 -0.77686
-0.94934 -0.15456 -0.79506
-0.94514 -0.15974 -0.79898
-0.94514 -0.15974 -0.79898
-0.92218 -0.1533 -0.80458
-0.9177 -0.15022 -0.81214
-0.8981 -0.15456 -0.82558
-0.8981 -0.15456 -0.82558
-0.89194 -0.15064 -0.82054
-0.88018 -0.14336 -0.83398
-0.86506 -0.15666 -0.82418
-0.85498 -0.13384 -0.8435
-0.8393 -0.14826 -0.85022
-0.82026 -0.14448 -0.87402
-0.8029 -0.13818 -0.89754
-0.7931 -0.12698 -0.88186
-0.7931 -0.12698 -0.88186
-0.79562 -0.12978 -0.88886
-0.78946 -0.14504 -0.90062
-0.7931 -0.13622 -0.88214
-0.79254 -0.12698 -0.88606
-0.78386 -0.12502 -0.8883
-0.78946 -0.12446 -0.88018
-0.79338 -0.13048 -0.88914
-0.7917 -0.13006 -0.88774
-0.7917 -0.13006 -0.88774
-0.79394 -0.13524 -0.88718
-0.79394 -0.12124 -0.8855
-0.7903 -0.13272 -0.88802
-0.78162 -0.12964 -0.88494
-0.78806 -0.126 -0.88578
-0.78442 -0.12236 -0.89166
-0.77994 -0.13412 -0.89362
-0.77994 -0.13412 -0.89362
-0.7903 -0.12418 -0.89474
-0.79254 -0.12614 -0.89166
-0.78918 -0.12222 -0.88914
-0.78918 -0.12222 -0.88914
-0.7931 -0.126 -0.8813
-0.78302 -0.12502 -0.88914
-0.78694 -0.13314 -0.89586
-0.7875 -0.12236 -0.89166
-0.78582 -0.12222 -0.8911
-0.79478 -0.13062 -0.89082
-0.79002 -0.11956 -0.88158
-0.79142 -0.12306 -0.89054
-0.7931 -0.11578 -0.88802
-0.7931 -0.11578 -0.88802
-0.78526 -0.11508 -0.87906
-0.79002 -0.112 -0.88746
-0.78918 -0.11382 -0.8827
-0.78582 -0.12054 -0.8897
-0.79394 -0.1225 -0.8897
-0.7903 -0.13916 -0.8897
-0.79002 -0.1183 -0.88718
-0.78806 -0.13034 -0.88662
-0.78526 -0.12894 -0.88298
-0.79618 -0.12628 -0.89194
-0.79422 -0.13216 -0.89334
-0.7973 -0.12936 -0.89334
-0.78554 -0.13174 -0.8967
-0.78834 -0.12922 -0.89418
-0.78834 -0.12922 -0.89418
-0.7889 -0.12054 -0.8841
-0.79114 -0.1169 -0.89194
-0.78806 -0.12418 -0.88886
-0.78638 -0.12628 -0.88354
-0.78722 -0.12628 -0.8883
-0.79226 -0.11984 -0.89166
-0.79198 -0.13622 -0.88018
-0.79058 -0.13538 -0.8911
-0.79254 -0.13356 -0.8911
-0.78834 -0.11928 -0.8855
-0.7917 -0.13706 -0.88606
-0.79674 -0.12908 -0.88578
-0.79058 -0.1302 -0.88606
-0.79058 -0.1302 -0.88606
-0.79394 -0.12754 -0.88942
-0.79562 -0.12824 -0.89446
-0.7917 -0.13272 -0.88326
-0.7917 -0.13272 -0.88326
-0.7889 -0.13034 -0.89306
-0.78414 -0.13286 -0.88886
-0.78946 -0.13286 -0.88018
-0.78722 -0.13062 -0.89866
-0.79394 -0.12992 -0.89446
-0.7875 -0.12222 -0.8925
-0.78666 -0.13328 -0.88998
-0.79226 -0.12894 -0.8841
-0.78834 -0.13986 -0.8855
-0.78834 -0.13986 -0.8855
-0.79506 -0.1267 -0.88046
-0.78806 -0.11564 -0.88298
-0.78778 -0.11718 -0.88522
-0.78778 -0.11718 -0.88522
-0.79786 -0.12138 -0.88326
-0.79562 -0.13132 -0.89194
-0.79338 -0.11634 -0.87878
-0.79338 -0.11494 -0.88634
-0.79646 -0.12474 -0.88998
-0.78946 -0.12446 -0.88802
-0.79982 -0.12572 -0.8925
-0.79366 -0.12558 -0.89278
-0.79506 -0.1239 -0.88662
-0.79254 -0.1253 -0.88774
-0.79898 -0.12628 -0.89194
-0.79254 -0.12418 -0.89166
-0.79254 -0.12418 -0.89166
-0.79142 -0.11774 -0.89642
-0.79226 -0.11214 -0.8925
-0.79338 -0.11774 -0.88746
-0.7931 -0.11774 -0.8869
-0.78862 -0.12306 -0.90146
-0.79114 -0.12614 -0.8911
-0.79114 -0.12614 -0.8911
-0.79478 -0.1253 -0.88102
-0.79226 -0.13804 -0.89754
-0.78638 -0.126 -0.89558
-0.7903 -0.1176 -0.88998
-0.79226 -0.13216 -0.88606
-0.77714 -0.13734 -0.8925
-0.78526 -0.11802 -0.88998
-0.78274 -0.1344 -0.89222
-0.7917 -0.1393 -0.89026
-0.7917 -0.12642 -0.88942
-0.7917 -0.12768 -0.88746
-0.78974 -0.14056 -0.89138
-0.79674 -0.13286 -0.8939
-0.7903 -0.1295 -0.88914
-0.79338 -0.133 -0.8897
-0.7917 -0.1281 -0.88522
-0.79618 -0.12208 -0.88998
-0.79758 -0.12096 -0.89558
-0.79226 -0.12866 -0.88746
-0.78862 -0.12068 -0.88774
-0.79478 -0.12782 -0.88494
-0.79142 -0.1421 -0.89642
-0.7945 -0.11998 -0.89586
-0.79282 -0.13076 -0.89698
-0.79114 -0.13048 -0.88662
-0.77406 -0.1372 -0.89446
-0.79086 -0.12782 -0.8897
-0.7889 -0.13062 -0.88494
-0.78358 -0.13986 -0.89306
-0.78358 -0.13986 -0.89306
-0.79114 -0.13328 -0.89026
-0.79338 -0.12362 -0.89138
-0.78582 -0.13832 -0.8855
-0.79954 -0.14434 -0.89194
-0.79954 -0.14434 -0.89194
-0.78946 -0.1309 -0.8939
-0.7889 -0.13734 -0.89138
-0.7875 -0.13356 -0.88634
-0.7903 -0.13174 -0.8939
-0.79142 -0.13034 -0.89194
-0.79058 -0.13384 -0.88858
-0.78302 -0.12502 -0.89166
-0.79366 -0.13412 -0.8869
-0.79422 -0.13734 -0.8869
-0.79226 -0.12908 -0.88662
-0.79226 -0.12908 -0.88662
-0.7903 -0.13272 -0.88998
-0.7903 -0.13916 -0.88998
-0.79086 -0.13664 -0.89306
-0.7931 -0.14448 -0.88802
-0.7931 -0.14448 -0.88802
-0.7805 -0.13566 -0.89222
-0.7903 -0.14784 -0.88802
-0.78162 -0.13384 -0.88466
-0.79058 -0.13258 -0.88774
-0.78554 -0.13888 -0.88522
-0.78946 -0.13776 -0.89334
-0.79282 -0.13566 -0.8925
-0.79226 -0.12488 -0.89586
-0.79226 -0.12488 -0.89586
-0.7847 -0.14728 -0.88634
-0.78554 -0.12208 -0.88886
-0.79002 -0.13076 -0.88382
-0.79366 -0.14014 -0.88774
-0.78274 -0.13958 -0.92078
-0.78274 -0.13958 -0.89978
-0.78078 -0.12894 -0.89614
-0.78526 -0.1274 -0.88914
-0.79394 -0.13272 -0.89222
-0.7889 -0.13608 -0.89362
